%%MatrixMarket matrix coordinate real general
3072 3072 119808
13 1 5.0267919134631001e-01
14 1 2.9554058359917001e-01
15 1 6.2770650031694006e-02
22 1 3.6441055206558998e-01
23 1 7.1316799070668002e-01
24 1 1.2093637212402999e-01
37 1 9.0318612989085001e-02
38 1 5.6569893608960997e-01
39 1 3.6573909187157000e-01
46 1 4.7713773610900001e-01
47 1 4.5384442160569000e-01
48 1 3.2315166762674002e-01
49 1 6.0348878548242002e-01
50 1 8.5301035338374007e-02
51 1 4.2873846143061001e-01
58 1 6.0348878548242002e-01
59 1 8.5301035338374007e-02
60 1 4.2873846143061001e-01
145 1 6.4972220382610002e-01
146 1 5.8277003639809999e-01
147 1 4.5175187379811999e-01
154 1 6.4972220382610002e-01
155 1 5.8277003639809999e-01
156 1 4.5175187379811999e-01
193 1 6.7689343477721997e-01
194 1 6.3894352020815004e-01
195 1 1.1591314004723000e-01
199 1 2.1822215453689001e-01
200 1 2.5291450077012001e-01
201 1 9.2433470525518993e-02
577 1 2.4861223192644000e-01
578 1 7.9247954908245000e-01
579 1 2.0287676204565999e-01
583 1 8.6532511747253998e-03
584 1 3.4638817979603997e-01
585 1 3.8593975175693002e-01
769 1 1.6942762214297999e+00
770 1 2.1349089827274001e-01
771 1 9.1459560118729999e-01
13 2 5.5273278411522997e-01
14 2 5.3269993197598997e-01
15 2 1.9512348375827999e-02
22 2 5.4709430434868001e-01
23 2 3.0719667986783999e-01
24 2 1.2905247818339000e-01
37 2 2.3765403102811000e-01
38 2 4.3350007701089999e-01
39 2 1.4362848283776999e-01
46 2 1.1412112135786000e-01
47 2 1.0323456242437000e-01
48 2 8.4337897677522000e-01
49 2 4.0849383485849000e-01
50 2 1.9884103205633000e-01
51 2 7.4071605280501995e-01
58 2 4.0849383485849000e-01
59 2 1.9884103205633000e-01
60 2 7.4071605280501995e-01
145 2 2.4305990614603001e-01
146 2 8.3794628277628000e-02
147 2 2.0520925151781999e-01
154 2 2.4305990614603001e-01
155 2 8.3794628277628000e-02
156 2 2.0520925151781999e-01
193 2 1.6494055696783000e-01
194 2 1.1273876317948001e-01
195 2 6.4476120442088003e-01
199 2 1.2547051589439001e-01
200 2 7.9748704723655001e-02
201 2 7.2267895150870998e-01
577 2 5.3806868631282001e-01
578 2 1.6484114612406001e-01
579 2 1.1081905720927000e-01
583 2 7.2369829950760001e-01
584 2 3.0919413576678001e-01
585 2 2.2735078537490000e-01
769 2 9.6586161460282005e-01
770 2 5.7735201912573997e-01
771 2 1.4493531134214199e+00
13 3 1.5680232741643998e-02
14 3 2.5368332098158999e-02
15 3 3.8264663550018002e-01
22 3 9.7195688923409004e-02
23 3 1.5894845250824999e-01
24 3 9.0442275395307004e-01
37 3 6.5592166933882001e-01
38 3 5.1323341047088000e-01
39 3 1.7105762928401000e-01
46 3 5.1424296185401996e-01
47 3 1.0964364739232001e-01
48 3 2.5099089665651001e-02
49 3 1.5680362609116999e-01
50 3 4.5619578807858002e-01
51 3 1.9482448954240000e-01
58 3 1.5680362609116999e-01
59 3 4.5619578807858002e-01
60 3 1.9482448954240000e-01
145 3 9.1161729267000002e-02
146 3 3.0402006498077999e-01
147 3 3.3613030448827998e-02
154 3 9.1161729267000002e-02
155 3 3.0402006498077999e-01
156 3 3.3613030448827998e-02
193 3 2.4962936100111999e-01
194 3 2.7120896578831999e-01
195 3 1.9603020745769001e-01
199 3 6.2364357902514000e-01
200 3 6.5966752651006999e-01
201 3 4.0130755974646000e-02
577 3 7.6817658259257002e-02
578 3 1.9966060582497000e-01
579 3 2.1938495298638999e-01
583 3 3.4490431551319001e-01
584 3 2.9892042188049001e-01
585 3 8.3533976727286996e-01
769 3 2.4823265431846001e-01
770 3 1.6314523626472399e+00
771 3 4.9416946505263998e-01
16 4 5.0267919134631001e-01
17 4 2.9554058359917001e-01
18 4 6.2770650031694006e-02
19 4 3.6441055206558998e-01
20 4 7.1316799070668002e-01
21 4 1.2093637212402999e-01
40 4 9.0318612989085001e-02
41 4 5.6569893608960997e-01
42 4 3.6573909187157000e-01
43 4 4.7713773610900001e-01
44 4 4.5384442160569000e-01
45 4 3.2315166762674002e-01
52 4 6.0348878548242002e-01
53 4 8.5301035338374007e-02
54 4 4.2873846143061001e-01
55 4 6.0348878548242002e-01
56 4 8.5301035338374007e-02
57 4 4.2873846143061001e-01
148 4 6.4972220382610002e-01
149 4 5.8277003639809999e-01
150 4 4.5175187379811999e-01
151 4 6.4972220382610002e-01
152 4 5.8277003639809999e-01
153 4 4.5175187379811999e-01
196 4 6.7689343477721997e-01
197 4 6.3894352020815004e-01
198 4 1.1591314004723000e-01
202 4 2.1822215453689001e-01
203 4 2.5291450077012001e-01
204 4 9.2433470525518993e-02
580 4 2.4861223192644000e-01
581 4 7.9247954908245000e-01
582 4 2.0287676204565999e-01
586 4 8.6532511747253998e-03
587 4 3.4638817979603997e-01
588 4 3.8593975175693002e-01
772 4 1.6942762214297999e+00
773 4 2.1349089827274001e-01
774 4 9.1459560118729999e-01
16 5 5.5273278411522997e-01
17 5 5.3269993197598997e-01
18 5 1.9512348375827999e-02
19 5 5.4709430434868001e-01
20 5 3.0719667986783999e-01
21 5 1.2905247818339000e-01
40 5 2.3765403102811000e-01
41 5 4.3350007701089999e-01
42 5 1.4362848283776999e-01
43 5 1.1412112135786000e-01
44 5 1.0323456242437000e-01
45 5 8.4337897677522000e-01
52 5 4.0849383485849000e-01
53 5 1.9884103205633000e-01
54 5 7.4071605280501995e-01
55 5 4.0849383485849000e-01
56 5 1.9884103205633000e-01
57 5 7.4071605280501995e-01
148 5 2.4305990614603001e-01
149 5 8.3794628277628000e-02
150 5 2.0520925151781999e-01
151 5 2.4305990614603001e-01
152 5 8.3794628277628000e-02
153 5 2.0520925151781999e-01
196 5 1.6494055696783000e-01
197 5 1.1273876317948001e-01
198 5 6.4476120442088003e-01
202 5 1.2547051589439001e-01
203 5 7.9748704723655001e-02
204 5 7.2267895150870998e-01
580 5 5.3806868631282001e-01
581 5 1.6484114612406001e-01
582 5 1.1081905720927000e-01
586 5 7.2369829950760001e-01
587 5 3.0919413576678001e-01
588 5 2.2735078537490000e-01
772 5 9.6586161460282005e-01
773 5 5.7735201912573997e-01
774 5 1.4493531134214199e+00
16 6 1.5680232741643998e-02
17 6 2.5368332098158999e-02
18 6 3.8264663550018002e-01
19 6 9.7195688923409004e-02
20 6 1.5894845250824999e-01
21 6 9.0442275395307004e-01
40 6 6.5592166933882001e-01
41 6 5.1323341047088000e-01
42 6 1.7105762928401000e-01
43 6 5.1424296185401996e-01
44 6 1.0964364739232001e-01
45 6 2.5099089665651001e-02
52 6 1.5680362609116999e-01
53 6 4.5619578807858002e-01
54 6 1.9482448954240000e-01
55 6 1.5680362609116999e-01
56 6 4.5619578807858002e-01
57 6 1.9482448954240000e-01
148 6 9.1161729267000002e-02
149 6 3.0402006498077999e-01
150 6 3.3613030448827998e-02
151 6 9.1161729267000002e-02
152 6 3.0402006498077999e-01
153 6 3.3613030448827998e-02
196 6 2.4962936100111999e-01
197 6 2.7120896578831999e-01
198 6 1.9603020745769001e-01
202 6 6.2364357902514000e-01
203 6 6.5966752651006999e-01
204 6 4.0130755974646000e-02
580 6 7.6817658259257002e-02
581 6 1.9966060582497000e-01
582 6 2.1938495298638999e-01
586 6 3.4490431551319001e-01
587 6 2.9892042188049001e-01
588 6 8.3533976727286996e-01
772 6 2.4823265431846001e-01
773 6 1.6314523626472399e+00
774 6 4.9416946505263998e-01
16 7 3.6441055206558998e-01
17 7 7.1316799070668002e-01
18 7 1.2093637212402999e-01
19 7 5.0267919134631001e-01
20 7 2.9554058359917001e-01
21 7 6.2770650031694006e-02
40 7 4.7713773610900001e-01
41 7 4.5384442160569000e-01
42 7 3.2315166762674002e-01
43 7 9.0318612989085001e-02
44 7 5.6569893608960997e-01
45 7 3.6573909187157000e-01
52 7 6.0348878548242002e-01
53 7 8.5301035338374007e-02
54 7 4.2873846143061001e-01
55 7 6.0348878548242002e-01
56 7 8.5301035338374007e-02
57 7 4.2873846143061001e-01
148 7 6.4972220382610002e-01
149 7 5.8277003639809999e-01
150 7 4.5175187379811999e-01
151 7 6.4972220382610002e-01
152 7 5.8277003639809999e-01
153 7 4.5175187379811999e-01
193 7 2.1822215453689001e-01
194 7 2.5291450077012001e-01
195 7 9.2433470525518993e-02
199 7 6.7689343477721997e-01
200 7 6.3894352020815004e-01
201 7 1.1591314004723000e-01
577 7 8.6532511747253998e-03
578 7 3.4638817979603997e-01
579 7 3.8593975175693002e-01
583 7 2.4861223192644000e-01
584 7 7.9247954908245000e-01
585 7 2.0287676204565999e-01
2311 7 1.2799008415215001e+00
2312 7 4.2554461965272003e-02
2313 7 5.1686857493432004e-01
16 8 5.4709430434868001e-01
17 8 3.0719667986783999e-01
18 8 1.2905247818339000e-01
19 8 5.5273278411522997e-01
20 8 5.3269993197598997e-01
21 8 1.9512348375827999e-02
40 8 1.1412112135786000e-01
41 8 1.0323456242437000e-01
42 8 8.4337897677522000e-01
43 8 2.3765403102811000e-01
44 8 4.3350007701089999e-01
45 8 1.4362848283776999e-01
52 8 4.0849383485849000e-01
53 8 1.9884103205633000e-01
54 8 7.4071605280501995e-01
55 8 4.0849383485849000e-01
56 8 1.9884103205633000e-01
57 8 7.4071605280501995e-01
148 8 2.4305990614603001e-01
149 8 8.3794628277628000e-02
150 8 2.0520925151781999e-01
151 8 2.4305990614603001e-01
152 8 8.3794628277628000e-02
153 8 2.0520925151781999e-01
193 8 1.2547051589439001e-01
194 8 7.9748704723655001e-02
195 8 7.2267895150870998e-01
199 8 1.6494055696783000e-01
200 8 1.1273876317948001e-01
201 8 6.4476120442088003e-01
577 8 7.2369829950760001e-01
578 8 3.0919413576678001e-01
579 8 2.2735078537490000e-01
583 8 5.3806868631282001e-01
584 8 1.6484114612406001e-01
585 8 1.1081905720927000e-01
2311 8 1.0220031772283600e+00
2312 8 3.7098220438511997e-01
2313 8 1.1026381633278399e+00
16 9 9.7195688923409004e-02
17 9 1.5894845250824999e-01
18 9 9.0442275395307004e-01
19 9 1.5680232741643998e-02
20 9 2.5368332098158999e-02
21 9 3.8264663550018002e-01
40 9 5.1424296185401996e-01
41 9 1.0964364739232001e-01
42 9 2.5099089665651001e-02
43 9 6.5592166933882001e-01
44 9 5.1323341047088000e-01
45 9 1.7105762928401000e-01
52 9 1.5680362609116999e-01
53 9 4.5619578807858002e-01
54 9 1.9482448954240000e-01
55 9 1.5680362609116999e-01
56 9 4.5619578807858002e-01
57 9 1.9482448954240000e-01
148 9 9.1161729267000002e-02
149 9 3.0402006498077999e-01
150 9 3.3613030448827998e-02
151 9 9.1161729267000002e-02
152 9 3.0402006498077999e-01
153 9 3.3613030448827998e-02
193 9 6.2364357902514000e-01
194 9 6.5966752651006999e-01
195 9 4.0130755974646000e-02
199 9 2.4962936100111999e-01
200 9 2.7120896578831999e-01
201 9 1.9603020745769001e-01
577 9 3.4490431551319001e-01
578 9 2.9892042188049001e-01
579 9 8.3533976727286996e-01
583 9 7.6817658259257002e-02
584 9 1.9966060582497000e-01
585 9 2.1938495298638999e-01
2311 9 5.9789279494372005e-01
2312 9 1.4472231967043001e+00
2313 9 7.0468746040454000e-01
13 10 3.6441055206558998e-01
14 10 7.1316799070668002e-01
15 10 1.2093637212402999e-01
22 10 5.0267919134631001e-01
23 10 2.9554058359917001e-01
24 10 6.2770650031694006e-02
37 10 4.7713773610900001e-01
38 10 4.5384442160569000e-01
39 10 3.2315166762674002e-01
46 10 9.0318612989085001e-02
47 10 5.6569893608960997e-01
48 10 3.6573909187157000e-01
49 10 6.0348878548242002e-01
50 10 8.5301035338374007e-02
51 10 4.2873846143061001e-01
58 10 6.0348878548242002e-01
59 10 8.5301035338374007e-02
60 10 4.2873846143061001e-01
145 10 6.4972220382610002e-01
146 10 5.8277003639809999e-01
147 10 4.5175187379811999e-01
154 10 6.4972220382610002e-01
155 10 5.8277003639809999e-01
156 10 4.5175187379811999e-01
196 10 2.1822215453689001e-01
197 10 2.5291450077012001e-01
198 10 9.2433470525518993e-02
202 10 6.7689343477721997e-01
203 10 6.3894352020815004e-01
204 10 1.1591314004723000e-01
580 10 8.6532511747253998e-03
581 10 3.4638817979603997e-01
582 10 3.8593975175693002e-01
586 10 2.4861223192644000e-01
587 10 7.9247954908245000e-01
588 10 2.0287676204565999e-01
2314 10 1.2799008415215001e+00
2315 10 4.2554461965272003e-02
2316 10 5.1686857493432004e-01
13 11 5.4709430434868001e-01
14 11 3.0719667986783999e-01
15 11 1.2905247818339000e-01
22 11 5.5273278411522997e-01
23 11 5.3269993197598997e-01
24 11 1.9512348375827999e-02
37 11 1.1412112135786000e-01
38 11 1.0323456242437000e-01
39 11 8.4337897677522000e-01
46 11 2.3765403102811000e-01
47 11 4.3350007701089999e-01
48 11 1.4362848283776999e-01
49 11 4.0849383485849000e-01
50 11 1.9884103205633000e-01
51 11 7.4071605280501995e-01
58 11 4.0849383485849000e-01
59 11 1.9884103205633000e-01
60 11 7.4071605280501995e-01
145 11 2.4305990614603001e-01
146 11 8.3794628277628000e-02
147 11 2.0520925151781999e-01
154 11 2.4305990614603001e-01
155 11 8.3794628277628000e-02
156 11 2.0520925151781999e-01
196 11 1.2547051589439001e-01
197 11 7.9748704723655001e-02
198 11 7.2267895150870998e-01
202 11 1.6494055696783000e-01
203 11 1.1273876317948001e-01
204 11 6.4476120442088003e-01
580 11 7.2369829950760001e-01
581 11 3.0919413576678001e-01
582 11 2.2735078537490000e-01
586 11 5.3806868631282001e-01
587 11 1.6484114612406001e-01
588 11 1.1081905720927000e-01
2314 11 1.0220031772283600e+00
2315 11 3.7098220438511997e-01
2316 11 1.1026381633278399e+00
13 12 9.7195688923409004e-02
14 12 1.5894845250824999e-01
15 12 9.0442275395307004e-01
22 12 1.5680232741643998e-02
23 12 2.5368332098158999e-02
24 12 3.8264663550018002e-01
37 12 5.1424296185401996e-01
38 12 1.0964364739232001e-01
39 12 2.5099089665651001e-02
46 12 6.5592166933882001e-01
47 12 5.1323341047088000e-01
48 12 1.7105762928401000e-01
49 12 1.5680362609116999e-01
50 12 4.5619578807858002e-01
51 12 1.9482448954240000e-01
58 12 1.5680362609116999e-01
59 12 4.5619578807858002e-01
60 12 1.9482448954240000e-01
145 12 9.1161729267000002e-02
146 12 3.0402006498077999e-01
147 12 3.3613030448827998e-02
154 12 9.1161729267000002e-02
155 12 3.0402006498077999e-01
156 12 3.3613030448827998e-02
196 12 6.2364357902514000e-01
197 12 6.5966752651006999e-01
198 12 4.0130755974646000e-02
202 12 2.4962936100111999e-01
203 12 2.7120896578831999e-01
204 12 1.9603020745769001e-01
580 12 3.4490431551319001e-01
581 12 2.9892042188049001e-01
582 12 8.3533976727286996e-01
586 12 7.6817658259257002e-02
587 12 1.9966060582497000e-01
588 12 2.1938495298638999e-01
2314 12 5.9789279494372005e-01
2315 12 1.4472231967043001e+00
2316 12 7.0468746040454000e-01
1 13 5.0267919134631001e-01
2 13 5.5273278411522997e-01
3 13 1.5680232741643998e-02
10 13 3.6441055206558998e-01
11 13 5.4709430434868001e-01
12 13 9.7195688923409004e-02
25 13 1.9422379998813999e-01
26 13 4.2764890077348000e-01
27 13 6.4961663129154001e-01
34 13 2.0258580983936000e-01
35 13 5.1264031701643002e-02
36 13 5.6010959127679005e-01
61 13 5.7890656898677999e-02
62 13 3.3621768064205998e-01
63 13 6.3347423997094998e-01
70 13 5.7890656898677999e-02
71 13 3.3621768064205998e-01
72 13 6.3347423997094998e-01
157 13 6.0760763176250998e-01
158 13 1.3871043214754000e-01
159 13 3.5569868471572003e-01
166 13 6.0760763176250998e-01
167 13 1.3871043214754000e-01
168 13 3.5569868471572003e-01
205 13 4.9729332504002000e-01
206 13 7.3101325033699005e-01
207 13 4.0340381529368002e-02
211 13 2.4892003920785999e-01
212 13 2.9956174318549000e-01
213 13 2.5493765202669999e-01
589 13 4.8785098389331999e-01
590 13 3.2240792449495997e-01
591 13 5.4436988883477000e-01
595 13 2.6996549411770998e-01
596 13 4.8638202745288001e-01
597 13 2.2862004991643001e-01
781 13 4.8645408377493998e-01
782 13 1.5567618172232001e+00
783 13 2.3256102658569999e-01
1 14 2.9554058359917001e-01
2 14 5.3269993197598997e-01
3 14 2.5368332098158999e-02
10 14 7.1316799070668002e-01
11 14 3.0719667986783999e-01
12 14 1.5894845250824999e-01
25 14 2.7795778807179000e-01
26 14 4.4051026907911001e-01
27 14 1.5390306333091999e-01
34 14 7.5827858382796998e-01
35 14 1.6202916409641999e-01
36 14 3.2212444376902000e-01
61 14 3.1971964921635998e-01
62 14 4.7448873554086002e-01
63 14 4.1366810270613003e-01
70 14 3.1971964921635998e-01
71 14 4.7448873554086002e-01
72 14 4.1366810270613003e-01
157 14 1.3975405738655000e-01
158 14 2.3772775270939001e-01
159 14 2.1657053113280000e-01
166 14 1.3975405738655000e-01
167 14 2.3772775270939001e-01
168 14 2.1657053113280000e-01
205 14 2.9530103329669000e-01
206 14 1.1872569332995001e-02
207 14 8.2982610670755996e-01
211 14 2.9570396067264998e-01
212 14 1.2931655203042999e-02
213 14 3.6937367853454001e-01
589 14 1.3706779670085001e-01
590 14 5.2322727447506001e-01
591 14 2.7980600496108998e-01
595 14 1.6448123250246000e-01
596 14 2.7227053006209001e-01
597 14 7.2661469882935004e-01
781 14 1.3443322941528000e+00
782 14 4.7598022378316002e-01
783 14 1.0361949043588600e-01
1 15 6.2770650031694006e-02
2 15 1.9512348375827999e-02
3 15 3.8264663550018002e-01
10 15 1.2093637212402999e-01
11 15 1.2905247818339000e-01
12 15 9.0442275395307004e-01
25 15 1.4610563000964999e-01
26 15 2.0878690221332999e-01
27 15 3.9358372069953997e-02
34 15 4.9763672232610001e-01
35 15 7.4202001253548000e-01
36 15 3.6779897563891001e-01
61 15 4.6646549480244998e-01
62 15 5.9441396639758004e-01
63 15 3.9425724110603999e-01
70 15 4.6646549480244998e-01
71 15 5.9441396639758004e-01
72 15 3.9425724110603999e-01
157 15 5.8171640601889996e-01
158 15 1.7336051989748999e-01
159 15 2.2669171478574002e-02
166 15 5.8171640601889996e-01
167 15 1.7336051989748999e-01
168 15 2.2669171478574002e-02
205 15 4.9973936624103998e-01
206 15 3.8419599034612001e-01
207 15 3.0713576346424998e-01
211 15 5.1609611135602995e-01
212 15 4.7745957446104997e-01
213 15 1.1831647489194000e-01
589 15 4.8578332814068997e-01
590 15 4.4488381986008002e-01
591 15 1.4594432097750001e-01
595 15 6.3819507273457998e-01
596 15 3.3714391307790997e-01
597 15 1.5438339001811999e-01
781 15 4.6369610079941997e-01
782 15 3.0782678541888000e-03
783 15 5.3033166629056006e-01
4 16 5.0267919134631001e-01
5 16 5.5273278411522997e-01
6 16 1.5680232741643998e-02
7 16 3.6441055206558998e-01
8 16 5.4709430434868001e-01
9 16 9.7195688923409004e-02
28 16 1.9422379998813999e-01
29 16 4.2764890077348000e-01
30 16 6.4961663129154001e-01
31 16 2.0258580983936000e-01
32 16 5.1264031701643002e-02
33 16 5.6010959127679005e-01
64 16 5.7890656898677999e-02
65 16 3.3621768064205998e-01
66 16 6.3347423997094998e-01
67 16 5.7890656898677999e-02
68 16 3.3621768064205998e-01
69 16 6.3347423997094998e-01
160 16 6.0760763176250998e-01
161 16 1.3871043214754000e-01
162 16 3.5569868471572003e-01
163 16 6.0760763176250998e-01
164 16 1.3871043214754000e-01
165 16 3.5569868471572003e-01
208 16 4.9729332504002000e-01
209 16 7.3101325033699005e-01
210 16 4.0340381529368002e-02
214 16 2.4892003920785999e-01
215 16 2.9956174318549000e-01
216 16 2.5493765202669999e-01
592 16 4.8785098389331999e-01
593 16 3.2240792449495997e-01
594 16 5.4436988883477000e-01
598 16 2.6996549411770998e-01
599 16 4.8638202745288001e-01
600 16 2.2862004991643001e-01
784 16 4.8645408377493998e-01
785 16 1.5567618172232001e+00
786 16 2.3256102658569999e-01
4 17 2.9554058359917001e-01
5 17 5.3269993197598997e-01
6 17 2.5368332098158999e-02
7 17 7.1316799070668002e-01
8 17 3.0719667986783999e-01
9 17 1.5894845250824999e-01
28 17 2.7795778807179000e-01
29 17 4.4051026907911001e-01
30 17 1.5390306333091999e-01
31 17 7.5827858382796998e-01
32 17 1.6202916409641999e-01
33 17 3.2212444376902000e-01
64 17 3.1971964921635998e-01
65 17 4.7448873554086002e-01
66 17 4.1366810270613003e-01
67 17 3.1971964921635998e-01
68 17 4.7448873554086002e-01
69 17 4.1366810270613003e-01
160 17 1.3975405738655000e-01
161 17 2.3772775270939001e-01
162 17 2.1657053113280000e-01
163 17 1.3975405738655000e-01
164 17 2.3772775270939001e-01
165 17 2.1657053113280000e-01
208 17 2.9530103329669000e-01
209 17 1.1872569332995001e-02
210 17 8.2982610670755996e-01
214 17 2.9570396067264998e-01
215 17 1.2931655203042999e-02
216 17 3.6937367853454001e-01
592 17 1.3706779670085001e-01
593 17 5.2322727447506001e-01
594 17 2.7980600496108998e-01
598 17 1.6448123250246000e-01
599 17 2.7227053006209001e-01
600 17 7.2661469882935004e-01
784 17 1.3443322941528000e+00
785 17 4.7598022378316002e-01
786 17 1.0361949043588600e-01
4 18 6.2770650031694006e-02
5 18 1.9512348375827999e-02
6 18 3.8264663550018002e-01
7 18 1.2093637212402999e-01
8 18 1.2905247818339000e-01
9 18 9.0442275395307004e-01
28 18 1.4610563000964999e-01
29 18 2.0878690221332999e-01
30 18 3.9358372069953997e-02
31 18 4.9763672232610001e-01
32 18 7.4202001253548000e-01
33 18 3.6779897563891001e-01
64 18 4.6646549480244998e-01
65 18 5.9441396639758004e-01
66 18 3.9425724110603999e-01
67 18 4.6646549480244998e-01
68 18 5.9441396639758004e-01
69 18 3.9425724110603999e-01
160 18 5.8171640601889996e-01
161 18 1.7336051989748999e-01
162 18 2.2669171478574002e-02
163 18 5.8171640601889996e-01
164 18 1.7336051989748999e-01
165 18 2.2669171478574002e-02
208 18 4.9973936624103998e-01
209 18 3.8419599034612001e-01
210 18 3.0713576346424998e-01
214 18 5.1609611135602995e-01
215 18 4.7745957446104997e-01
216 18 1.1831647489194000e-01
592 18 4.8578332814068997e-01
593 18 4.4488381986008002e-01
594 18 1.4594432097750001e-01
598 18 6.3819507273457998e-01
599 18 3.3714391307790997e-01
600 18 1.5438339001811999e-01
784 18 4.6369610079941997e-01
785 18 3.0782678541888000e-03
786 18 5.3033166629056006e-01
4 19 3.6441055206558998e-01
5 19 5.4709430434868001e-01
6 19 9.7195688923409004e-02
7 19 5.0267919134631001e-01
8 19 5.5273278411522997e-01
9 19 1.5680232741643998e-02
28 19 2.0258580983936000e-01
29 19 5.1264031701643002e-02
30 19 5.6010959127679005e-01
31 19 1.9422379998813999e-01
32 19 4.2764890077348000e-01
33 19 6.4961663129154001e-01
64 19 5.7890656898677999e-02
65 19 3.3621768064205998e-01
66 19 6.3347423997094998e-01
67 19 5.7890656898677999e-02
68 19 3.3621768064205998e-01
69 19 6.3347423997094998e-01
160 19 6.0760763176250998e-01
161 19 1.3871043214754000e-01
162 19 3.5569868471572003e-01
163 19 6.0760763176250998e-01
164 19 1.3871043214754000e-01
165 19 3.5569868471572003e-01
205 19 2.4892003920785999e-01
206 19 2.9956174318549000e-01
207 19 2.5493765202669999e-01
211 19 4.9729332504002000e-01
212 19 7.3101325033699005e-01
213 19 4.0340381529368002e-02
589 19 2.6996549411770998e-01
590 19 4.8638202745288001e-01
591 19 2.2862004991643001e-01
595 19 4.8785098389331999e-01
596 19 3.2240792449495997e-01
597 19 5.4436988883477000e-01
2323 19 3.1888866161871998e-01
2324 19 5.4332458525359995e-01
2325 19 1.7527366243180000e+00
4 20 7.1316799070668002e-01
5 20 3.0719667986783999e-01
6 20 1.5894845250824999e-01
7 20 2.9554058359917001e-01
8 20 5.3269993197598997e-01
9 20 2.5368332098158999e-02
28 20 7.5827858382796998e-01
29 20 1.6202916409641999e-01
30 20 3.2212444376902000e-01
31 20 2.7795778807179000e-01
32 20 4.4051026907911001e-01
33 20 1.5390306333091999e-01
64 20 3.1971964921635998e-01
65 20 4.7448873554086002e-01
66 20 4.1366810270613003e-01
67 20 3.1971964921635998e-01
68 20 4.7448873554086002e-01
69 20 4.1366810270613003e-01
160 20 1.3975405738655000e-01
161 20 2.3772775270939001e-01
162 20 2.1657053113280000e-01
163 20 1.3975405738655000e-01
164 20 2.3772775270939001e-01
165 20 2.1657053113280000e-01
205 20 2.9570396067264998e-01
206 20 1.2931655203042999e-02
207 20 3.6937367853454001e-01
211 20 2.9530103329669000e-01
212 20 1.1872569332995001e-02
213 20 8.2982610670755996e-01
589 20 1.6448123250246000e-01
590 20 2.7227053006209001e-01
591 20 7.2661469882935004e-01
595 20 1.3706779670085001e-01
596 20 5.2322727447506001e-01
597 20 2.7980600496108998e-01
2323 20 1.1797169364205400e+00
2324 20 1.1166862071030399e+00
2325 20 4.2170857038740001e-01
4 21 1.2093637212402999e-01
5 21 1.2905247818339000e-01
6 21 9.0442275395307004e-01
7 21 6.2770650031694006e-02
8 21 1.9512348375827999e-02
9 21 3.8264663550018002e-01
28 21 4.9763672232610001e-01
29 21 7.4202001253548000e-01
30 21 3.6779897563891001e-01
31 21 1.4610563000964999e-01
32 21 2.0878690221332999e-01
33 21 3.9358372069953997e-02
64 21 4.6646549480244998e-01
65 21 5.9441396639758004e-01
66 21 3.9425724110603999e-01
67 21 4.6646549480244998e-01
68 21 5.9441396639758004e-01
69 21 3.9425724110603999e-01
160 21 5.8171640601889996e-01
161 21 1.7336051989748999e-01
162 21 2.2669171478574002e-02
163 21 5.8171640601889996e-01
164 21 1.7336051989748999e-01
165 21 2.2669171478574002e-02
205 21 5.1609611135602995e-01
206 21 4.7745957446104997e-01
207 21 1.1831647489194000e-01
211 21 4.9973936624103998e-01
212 21 3.8419599034612001e-01
213 21 3.0713576346424998e-01
589 21 6.3819507273457998e-01
590 21 3.3714391307790997e-01
591 21 1.5438339001811999e-01
595 21 4.8578332814068997e-01
596 21 4.4488381986008002e-01
597 21 1.4594432097750001e-01
2323 21 1.3848520901252801e+00
2324 21 9.1666676875104003e-01
2325 21 4.2872855902998003e-01
1 22 3.6441055206558998e-01
2 22 5.4709430434868001e-01
3 22 9.7195688923409004e-02
10 22 5.0267919134631001e-01
11 22 5.5273278411522997e-01
12 22 1.5680232741643998e-02
25 22 2.0258580983936000e-01
26 22 5.1264031701643002e-02
27 22 5.6010959127679005e-01
34 22 1.9422379998813999e-01
35 22 4.2764890077348000e-01
36 22 6.4961663129154001e-01
61 22 5.7890656898677999e-02
62 22 3.3621768064205998e-01
63 22 6.3347423997094998e-01
70 22 5.7890656898677999e-02
71 22 3.3621768064205998e-01
72 22 6.3347423997094998e-01
157 22 6.0760763176250998e-01
158 22 1.3871043214754000e-01
159 22 3.5569868471572003e-01
166 22 6.0760763176250998e-01
167 22 1.3871043214754000e-01
168 22 3.5569868471572003e-01
208 22 2.4892003920785999e-01
209 22 2.9956174318549000e-01
210 22 2.5493765202669999e-01
214 22 4.9729332504002000e-01
215 22 7.3101325033699005e-01
216 22 4.0340381529368002e-02
592 22 2.6996549411770998e-01
593 22 4.8638202745288001e-01
594 22 2.2862004991643001e-01
598 22 4.8785098389331999e-01
599 22 3.2240792449495997e-01
600 22 5.4436988883477000e-01
2326 22 3.1888866161871998e-01
2327 22 5.4332458525359995e-01
2328 22 1.7527366243180000e+00
1 23 7.1316799070668002e-01
2 23 3.0719667986783999e-01
3 23 1.5894845250824999e-01
10 23 2.9554058359917001e-01
11 23 5.3269993197598997e-01
12 23 2.5368332098158999e-02
25 23 7.5827858382796998e-01
26 23 1.6202916409641999e-01
27 23 3.2212444376902000e-01
34 23 2.7795778807179000e-01
35 23 4.4051026907911001e-01
36 23 1.5390306333091999e-01
61 23 3.1971964921635998e-01
62 23 4.7448873554086002e-01
63 23 4.1366810270613003e-01
70 23 3.1971964921635998e-01
71 23 4.7448873554086002e-01
72 23 4.1366810270613003e-01
157 23 1.3975405738655000e-01
158 23 2.3772775270939001e-01
159 23 2.1657053113280000e-01
166 23 1.3975405738655000e-01
167 23 2.3772775270939001e-01
168 23 2.1657053113280000e-01
208 23 2.9570396067264998e-01
209 23 1.2931655203042999e-02
210 23 3.6937367853454001e-01
214 23 2.9530103329669000e-01
215 23 1.1872569332995001e-02
216 23 8.2982610670755996e-01
592 23 1.6448123250246000e-01
593 23 2.7227053006209001e-01
594 23 7.2661469882935004e-01
598 23 1.3706779670085001e-01
599 23 5.2322727447506001e-01
600 23 2.7980600496108998e-01
2326 23 1.1797169364205400e+00
2327 23 1.1166862071030399e+00
2328 23 4.2170857038740001e-01
1 24 1.2093637212402999e-01
2 24 1.2905247818339000e-01
3 24 9.0442275395307004e-01
10 24 6.2770650031694006e-02
11 24 1.9512348375827999e-02
12 24 3.8264663550018002e-01
25 24 4.9763672232610001e-01
26 24 7.4202001253548000e-01
27 24 3.6779897563891001e-01
34 24 1.4610563000964999e-01
35 24 2.0878690221332999e-01
36 24 3.9358372069953997e-02
61 24 4.6646549480244998e-01
62 24 5.9441396639758004e-01
63 24 3.9425724110603999e-01
70 24 4.6646549480244998e-01
71 24 5.9441396639758004e-01
72 24 3.9425724110603999e-01
157 24 5.8171640601889996e-01
158 24 1.7336051989748999e-01
159 24 2.2669171478574002e-02
166 24 5.8171640601889996e-01
167 24 1.7336051989748999e-01
168 24 2.2669171478574002e-02
208 24 5.1609611135602995e-01
209 24 4.7745957446104997e-01
210 24 1.1831647489194000e-01
214 24 4.9973936624103998e-01
215 24 3.8419599034612001e-01
216 24 3.0713576346424998e-01
592 24 6.3819507273457998e-01
593 24 3.3714391307790997e-01
594 24 1.5438339001811999e-01
598 24 4.8578332814068997e-01
599 24 4.4488381986008002e-01
600 24 1.4594432097750001e-01
2326 24 1.3848520901252801e+00
2327 24 9.1666676875104003e-01
2328 24 4.2872855902998003e-01
13 25 1.9422379998813999e-01
14 25 2.7795778807179000e-01
15 25 1.4610563000964999e-01
22 25 2.0258580983936000e-01
23 25 7.5827858382796998e-01
24 25 4.9763672232610001e-01
37 25 3.0753929342628000e-01
38 25 1.3423457515028001e-01
39 25 7.6090271432254997e-01
46 25 3.3009788198867997e-02
47 25 3.8980006414385998e-01
48 25 3.9420043765343998e-01
73 25 4.0980889710266999e-01
74 25 3.3042971851127000e-02
75 25 1.2535751685415000e-01
82 25 4.0980889710266999e-01
83 25 3.3042971851127000e-02
84 25 1.2535751685415000e-01
169 25 4.0088149744314999e-01
170 25 3.4235635262417002e-01
171 25 2.5688695597166999e-01
178 25 4.0088149744314999e-01
179 25 3.4235635262417002e-01
180 25 2.5688695597166999e-01
217 25 2.0245042212879000e-01
218 25 4.2958928342809999e-01
219 25 1.6317703672768999e-01
223 25 4.6231579254446997e-01
224 25 7.2972466869816999e-01
225 25 4.0076734968116000e-02
601 25 2.4195359587792001e-01
602 25 7.5771730951951999e-01
603 25 2.8476968918432999e-01
607 25 1.8054687932451000e-01
608 25 4.1980063812049001e-01
609 25 2.7820749274222001e-01
793 25 3.4064581389150000e-01
794 25 1.3377141274742199e+00
795 25 1.4531106333300201e-01
13 26 4.2764890077348000e-01
14 26 4.4051026907911001e-01
15 26 2.0878690221332999e-01
22 26 5.1264031701643002e-02
23 26 1.6202916409641999e-01
24 26 7.4202001253548000e-01
37 26 1.8156912927058000e-01
38 26 8.9522012923306998e-02
39 26 4.8653416808455002e-01
46 26 3.4122735629450002e-01
47 26 7.7777002703440001e-01
48 26 3.0669857312060001e-02
73 26 7.7223696362276996e-03
74 26 3.2010564109623002e-01
75 26 4.4080256586243000e-01
82 26 7.7223696362276996e-03
83 26 3.2010564109623002e-01
84 26 4.4080256586243000e-01
169 26 1.6438753043521001e-01
170 26 5.3687729749912005e-01
171 26 5.1573099278192003e-01
178 26 1.6438753043521001e-01
179 26 5.3687729749912005e-01
180 26 5.1573099278192003e-01
217 26 7.3947810285156002e-01
218 26 1.4243321785200000e-01
219 26 3.4795462138824002e-01
223 26 1.9007259391004999e-01
224 26 4.9659926811161997e-01
225 26 1.7051120568823999e-01
601 26 6.6755985182467004e-01
602 26 4.1917841805516998e-01
603 26 3.3054884260660000e-01
607 26 2.6079600502438999e-01
608 26 3.6620374342871000e-02
609 26 4.4725289564891002e-01
793 26 6.9406436649117997e-01
794 26 7.4421459888726005e-01
795 26 7.8952243695940005e-01
13 27 6.4961663129154001e-01
14 27 1.5390306333091999e-01
15 27 3.9358372069953997e-02
22 27 5.6010959127679005e-01
23 27 3.2212444376902000e-01
24 27 3.6779897563891001e-01
37 27 4.5197964737210000e-01
38 27 4.2330919626420999e-01
39 27 1.1049510318389000e-01
46 27 7.4205180267655002e-01
47 27 1.9469439497551999e-01
48 27 1.2556977980997000e-01
73 27 1.8514250761536000e-01
74 27 1.6599531541980000e-01
75 27 6.1356724814840002e-01
82 27 1.8514250761536000e-01
83 27 1.6599531541980000e-01
84 27 6.1356724814840002e-01
169 27 1.2272356882137000e-01
170 27 3.9466921838171000e-02
171 27 6.7286354154023997e-01
178 27 1.2272356882137000e-01
179 27 3.9466921838171000e-02
180 27 6.7286354154023997e-01
217 27 1.8092564286655000e-02
218 27 2.0990248658013001e-02
219 27 6.5712254806910997e-01
223 27 4.0248619617169001e-01
224 27 1.2496523629266000e-01
225 27 6.2434812164970999e-01
601 27 1.7188677398315999e-01
602 27 2.6342884768738001e-01
603 27 7.1011401545191999e-01
607 27 6.0470282514035001e-01
608 27 5.6440653025822997e-02
609 27 1.6717419103379999e-01
793 27 1.0716603303665000e+00
794 27 3.4658665169848002e-01
795 27 2.0854008317094000e-01
16 28 1.9422379998813999e-01
17 28 2.7795778807179000e-01
18 28 1.4610563000964999e-01
19 28 2.0258580983936000e-01
20 28 7.5827858382796998e-01
21 28 4.9763672232610001e-01
40 28 3.0753929342628000e-01
41 28 1.3423457515028001e-01
42 28 7.6090271432254997e-01
43 28 3.3009788198867997e-02
44 28 3.8980006414385998e-01
45 28 3.9420043765343998e-01
76 28 4.0980889710266999e-01
77 28 3.3042971851127000e-02
78 28 1.2535751685415000e-01
79 28 4.0980889710266999e-01
80 28 3.3042971851127000e-02
81 28 1.2535751685415000e-01
172 28 4.0088149744314999e-01
173 28 3.4235635262417002e-01
174 28 2.5688695597166999e-01
175 28 4.0088149744314999e-01
176 28 3.4235635262417002e-01
177 28 2.5688695597166999e-01
220 28 2.0245042212879000e-01
221 28 4.2958928342809999e-01
222 28 1.6317703672768999e-01
226 28 4.6231579254446997e-01
227 28 7.2972466869816999e-01
228 28 4.0076734968116000e-02
604 28 2.4195359587792001e-01
605 28 7.5771730951951999e-01
606 28 2.8476968918432999e-01
610 28 1.8054687932451000e-01
611 28 4.1980063812049001e-01
612 28 2.7820749274222001e-01
796 28 3.4064581389150000e-01
797 28 1.3377141274742199e+00
798 28 1.4531106333300201e-01
16 29 4.2764890077348000e-01
17 29 4.4051026907911001e-01
18 29 2.0878690221332999e-01
19 29 5.1264031701643002e-02
20 29 1.6202916409641999e-01
21 29 7.4202001253548000e-01
40 29 1.8156912927058000e-01
41 29 8.9522012923306998e-02
42 29 4.8653416808455002e-01
43 29 3.4122735629450002e-01
44 29 7.7777002703440001e-01
45 29 3.0669857312060001e-02
76 29 7.7223696362276996e-03
77 29 3.2010564109623002e-01
78 29 4.4080256586243000e-01
79 29 7.7223696362276996e-03
80 29 3.2010564109623002e-01
81 29 4.4080256586243000e-01
172 29 1.6438753043521001e-01
173 29 5.3687729749912005e-01
174 29 5.1573099278192003e-01
175 29 1.6438753043521001e-01
176 29 5.3687729749912005e-01
177 29 5.1573099278192003e-01
220 29 7.3947810285156002e-01
221 29 1.4243321785200000e-01
222 29 3.4795462138824002e-01
226 29 1.9007259391004999e-01
227 29 4.9659926811161997e-01
228 29 1.7051120568823999e-01
604 29 6.6755985182467004e-01
605 29 4.1917841805516998e-01
606 29 3.3054884260660000e-01
610 29 2.6079600502438999e-01
611 29 3.6620374342871000e-02
612 29 4.4725289564891002e-01
796 29 6.9406436649117997e-01
797 29 7.4421459888726005e-01
798 29 7.8952243695940005e-01
16 30 6.4961663129154001e-01
17 30 1.5390306333091999e-01
18 30 3.9358372069953997e-02
19 30 5.6010959127679005e-01
20 30 3.2212444376902000e-01
21 30 3.6779897563891001e-01
40 30 4.5197964737210000e-01
41 30 4.2330919626420999e-01
42 30 1.1049510318389000e-01
43 30 7.4205180267655002e-01
44 30 1.9469439497551999e-01
45 30 1.2556977980997000e-01
76 30 1.8514250761536000e-01
77 30 1.6599531541980000e-01
78 30 6.1356724814840002e-01
79 30 1.8514250761536000e-01
80 30 1.6599531541980000e-01
81 30 6.1356724814840002e-01
172 30 1.2272356882137000e-01
173 30 3.9466921838171000e-02
174 30 6.7286354154023997e-01
175 30 1.2272356882137000e-01
176 30 3.9466921838171000e-02
177 30 6.7286354154023997e-01
220 30 1.8092564286655000e-02
221 30 2.0990248658013001e-02
222 30 6.5712254806910997e-01
226 30 4.0248619617169001e-01
227 30 1.2496523629266000e-01
228 30 6.2434812164970999e-01
604 30 1.7188677398315999e-01
605 30 2.6342884768738001e-01
606 30 7.1011401545191999e-01
610 30 6.0470282514035001e-01
611 30 5.6440653025822997e-02
612 30 1.6717419103379999e-01
796 30 1.0716603303665000e+00
797 30 3.4658665169848002e-01
798 30 2.0854008317094000e-01
16 31 2.0258580983936000e-01
17 31 7.5827858382796998e-01
18 31 4.9763672232610001e-01
19 31 1.9422379998813999e-01
20 31 2.7795778807179000e-01
21 31 1.4610563000964999e-01
40 31 3.3009788198867997e-02
41 31 3.8980006414385998e-01
42 31 3.9420043765343998e-01
43 31 3.0753929342628000e-01
44 31 1.3423457515028001e-01
45 31 7.6090271432254997e-01
76 31 4.0980889710266999e-01
77 31 3.3042971851127000e-02
78 31 1.2535751685415000e-01
79 31 4.0980889710266999e-01
80 31 3.3042971851127000e-02
81 31 1.2535751685415000e-01
172 31 4.0088149744314999e-01
173 31 3.4235635262417002e-01
174 31 2.5688695597166999e-01
175 31 4.0088149744314999e-01
176 31 3.4235635262417002e-01
177 31 2.5688695597166999e-01
217 31 4.6231579254446997e-01
218 31 7.2972466869816999e-01
219 31 4.0076734968116000e-02
223 31 2.0245042212879000e-01
224 31 4.2958928342809999e-01
225 31 1.6317703672768999e-01
601 31 1.8054687932451000e-01
602 31 4.1980063812049001e-01
603 31 2.7820749274222001e-01
607 31 2.4195359587792001e-01
608 31 7.5771730951951999e-01
609 31 2.8476968918432999e-01
2335 31 1.7334825313329600e+00
2336 31 2.5182667636298001e-01
2337 31 6.8169418948490001e-01
16 32 5.1264031701643002e-02
17 32 1.6202916409641999e-01
18 32 7.4202001253548000e-01
19 32 4.2764890077348000e-01
20 32 4.4051026907911001e-01
21 32 2.0878690221332999e-01
40 32 3.4122735629450002e-01
41 32 7.7777002703440001e-01
42 32 3.0669857312060001e-02
43 32 1.8156912927058000e-01
44 32 8.9522012923306998e-02
45 32 4.8653416808455002e-01
76 32 7.7223696362276996e-03
77 32 3.2010564109623002e-01
78 32 4.4080256586243000e-01
79 32 7.7223696362276996e-03
80 32 3.2010564109623002e-01
81 32 4.4080256586243000e-01
172 32 1.6438753043521001e-01
173 32 5.3687729749912005e-01
174 32 5.1573099278192003e-01
175 32 1.6438753043521001e-01
176 32 5.3687729749912005e-01
177 32 5.1573099278192003e-01
217 32 1.9007259391004999e-01
218 32 4.9659926811161997e-01
219 32 1.7051120568823999e-01
223 32 7.3947810285156002e-01
224 32 1.4243321785200000e-01
225 32 3.4795462138824002e-01
601 32 2.6079600502438999e-01
602 32 3.6620374342871000e-02
603 32 4.4725289564891002e-01
607 32 6.6755985182467004e-01
608 32 4.1917841805516998e-01
609 32 3.3054884260660000e-01
2335 32 7.4638538755326000e-02
2336 32 8.6498095652298002e-01
2337 32 1.3919541875442001e+00
16 33 5.6010959127679005e-01
17 33 3.2212444376902000e-01
18 33 3.6779897563891001e-01
19 33 6.4961663129154001e-01
20 33 1.5390306333091999e-01
21 33 3.9358372069953997e-02
40 33 7.4205180267655002e-01
41 33 1.9469439497551999e-01
42 33 1.2556977980997000e-01
43 33 4.5197964737210000e-01
44 33 4.2330919626420999e-01
45 33 1.1049510318389000e-01
76 33 1.8514250761536000e-01
77 33 1.6599531541980000e-01
78 33 6.1356724814840002e-01
79 33 1.8514250761536000e-01
80 33 1.6599531541980000e-01
81 33 6.1356724814840002e-01
172 33 1.2272356882137000e-01
173 33 3.9466921838171000e-02
174 33 6.7286354154023997e-01
175 33 1.2272356882137000e-01
176 33 3.9466921838171000e-02
177 33 6.7286354154023997e-01
217 33 4.0248619617169001e-01
218 33 1.2496523629266000e-01
219 33 6.2434812164970999e-01
223 33 1.8092564286655000e-02
224 33 2.0990248658013001e-02
225 33 6.5712254806910997e-01
601 33 6.0470282514035001e-01
602 33 5.6440653025822997e-02
603 33 1.6717419103379999e-01
607 33 1.7188677398315999e-01
608 33 2.6342884768738001e-01
609 33 7.1011401545191999e-01
2335 33 4.3570878797323997e-01
2336 33 9.9864850435777996e-01
2337 33 8.2197742824120001e-01
13 34 2.0258580983936000e-01
14 34 7.5827858382796998e-01
15 34 4.9763672232610001e-01
22 34 1.9422379998813999e-01
23 34 2.7795778807179000e-01
24 34 1.4610563000964999e-01
37 34 3.3009788198867997e-02
38 34 3.8980006414385998e-01
39 34 3.9420043765343998e-01
46 34 3.0753929342628000e-01
47 34 1.3423457515028001e-01
48 34 7.6090271432254997e-01
73 34 4.0980889710266999e-01
74 34 3.3042971851127000e-02
75 34 1.2535751685415000e-01
82 34 4.0980889710266999e-01
83 34 3.3042971851127000e-02
84 34 1.2535751685415000e-01
169 34 4.0088149744314999e-01
170 34 3.4235635262417002e-01
171 34 2.5688695597166999e-01
178 34 4.0088149744314999e-01
179 34 3.4235635262417002e-01
180 34 2.5688695597166999e-01
220 34 4.6231579254446997e-01
221 34 7.2972466869816999e-01
222 34 4.0076734968116000e-02
226 34 2.0245042212879000e-01
227 34 4.2958928342809999e-01
228 34 1.6317703672768999e-01
604 34 1.8054687932451000e-01
605 34 4.1980063812049001e-01
606 34 2.7820749274222001e-01
610 34 2.4195359587792001e-01
611 34 7.5771730951951999e-01
612 34 2.8476968918432999e-01
2338 34 1.7334825313329600e+00
2339 34 2.5182667636298001e-01
2340 34 6.8169418948490001e-01
13 35 5.1264031701643002e-02
14 35 1.6202916409641999e-01
15 35 7.4202001253548000e-01
22 35 4.2764890077348000e-01
23 35 4.4051026907911001e-01
24 35 2.0878690221332999e-01
37 35 3.4122735629450002e-01
38 35 7.7777002703440001e-01
39 35 3.0669857312060001e-02
46 35 1.8156912927058000e-01
47 35 8.9522012923306998e-02
48 35 4.8653416808455002e-01
73 35 7.7223696362276996e-03
74 35 3.2010564109623002e-01
75 35 4.4080256586243000e-01
82 35 7.7223696362276996e-03
83 35 3.2010564109623002e-01
84 35 4.4080256586243000e-01
169 35 1.6438753043521001e-01
170 35 5.3687729749912005e-01
171 35 5.1573099278192003e-01
178 35 1.6438753043521001e-01
179 35 5.3687729749912005e-01
180 35 5.1573099278192003e-01
220 35 1.9007259391004999e-01
221 35 4.9659926811161997e-01
222 35 1.7051120568823999e-01
226 35 7.3947810285156002e-01
227 35 1.4243321785200000e-01
228 35 3.4795462138824002e-01
604 35 2.6079600502438999e-01
605 35 3.6620374342871000e-02
606 35 4.4725289564891002e-01
610 35 6.6755985182467004e-01
611 35 4.1917841805516998e-01
612 35 3.3054884260660000e-01
2338 35 7.4638538755326000e-02
2339 35 8.6498095652298002e-01
