%%MatrixMarket matrix coordinate real general
3072 3072 119808
13 1 1.6937282032730999e-01
14 1 3.8278887210195001e-01
15 1 7.5626578235575004e-01
22 1 6.3354072528390995e-02
23 1 1.3028465540209999e-01
24 1 4.8151818618609998e-01
37 1 5.1401455911423999e-01
38 1 6.5057576272211004e-01
39 1 9.0144354164519006e-02
46 1 1.8303976926408000e-01
47 1 5.1667000542358998e-01
48 1 6.2950407089545996e-02
49 1 4.5028573520316001e-01
50 1 5.5082297354877996e-01
51 1 2.8120742292397999e-01
58 1 4.5028573520316001e-01
59 1 5.5082297354877996e-01
60 1 2.8120742292397999e-01
145 1 9.4766552503568996e-02
146 1 4.6435517743507998e-01
147 1 6.9812112940910998e-01
154 1 9.4766552503568996e-02
155 1 4.6435517743507998e-01
156 1 6.9812112940910998e-01
193 1 2.3013025032366000e-01
194 1 6.4251285398688995e-01
195 1 6.9967832548876996e-01
199 1 1.1252479015673000e-01
200 1 1.5610145171105999e-01
201 1 8.7395935618894999e-02
577 1 5.3947330042093999e-01
578 1 2.0803276587006000e-01
579 1 2.0776023448190001e-01
583 1 1.2877212656507001e-01
584 1 7.5436995767730997e-01
585 1 1.9201645189736999e-01
769 1 9.4781253692064005e-01
770 1 2.6543860278873999e-01
771 1 1.5586409900104199e+00
13 2 4.5907018810512001e-01
14 2 2.0232114132036000e-01
15 2 5.4304574010747000e-03
22 2 7.8796705565751002e-01
23 2 2.1457873025841001e-01
24 2 2.8522818237247999e-01
37 2 4.1986381584651999e-01
38 2 1.8864820743482999e-01
39 2 8.2326649684273001e-01
46 2 2.6733587215997001e-02
47 2 3.3009776048821998e-01
48 2 2.6063172983025001e-02
49 2 3.9597130037842998e-01
50 2 2.1512044413562001e-01
51 2 8.0447293481735005e-01
58 2 3.9597130037842998e-01
59 2 2.1512044413562001e-01
60 2 8.0447293481735005e-01
145 2 4.3954108462112002e-01
146 2 3.4274385510168003e-02
147 2 9.4883214570574997e-02
154 2 4.3954108462112002e-01
155 2 3.4274385510168003e-02
156 2 9.4883214570574997e-02
193 2 1.2607539921850000e-01
194 2 5.6021278630974003e-01
195 2 4.2185121114393997e-01
199 2 1.6902692256186999e-01
200 2 4.2467775325822998e-01
201 2 5.3234095160918005e-01
577 2 4.2589739602408999e-01
578 2 2.1453615990892000e-01
579 2 6.9937712699968002e-01
583 2 8.5201150971256995e-02
584 2 5.0328649412994997e-01
585 2 1.5132992790809000e-01
769 2 1.8696477923150601e-01
770 2 1.4202305727597400e+00
771 2 1.4283671141386600e-01
13 3 1.0445421124682001e-02
14 3 1.5090797383607000e-02
15 3 2.5204804448732999e-02
22 3 3.6817452926233002e-01
23 3 8.6561710940318004e-01
24 3 3.3790888528640001e-01
37 3 5.5991652860611996e-01
38 3 3.9177610025892001e-01
39 3 4.4435460797231002e-01
46 3 4.6019414200681003e-01
47 3 1.0845317917116000e-01
48 3 3.3468374657824002e-01
49 3 4.4052265430080001e-01
50 3 5.9879257542852005e-01
51 3 1.9091824991560000e-01
58 3 4.4052265430080001e-01
59 3 5.9879257542852005e-01
60 3 1.9091824991560000e-01
145 3 3.6908474741859998e-01
146 3 4.2206695607167999e-01
147 3 8.6828835955844993e-02
154 3 3.6908474741859998e-01
155 3 4.2206695607167999e-01
156 3 8.6828835955844993e-02
193 3 7.0899765564142003e-01
194 3 2.5996676894415999e-01
195 3 1.2208896723833999e-01
199 3 6.2228245752413003e-01
200 3 3.2206959227365002e-02
201 3 1.6297589470049001e-01
577 3 8.3401810807840995e-02
578 3 2.9193779800082997e-01
579 3 2.6599833505603000e-02
583 3 7.0482806941827003e-01
584 3 5.5656071499279001e-02
585 3 6.3814473528757998e-01
769 3 1.4192308581962201e+00
770 3 2.8429824153085997e-01
771 3 9.6713164368976001e-01
16 4 1.6937282032730999e-01
17 4 3.8278887210195001e-01
18 4 7.5626578235575004e-01
19 4 6.3354072528390995e-02
20 4 1.3028465540209999e-01
21 4 4.8151818618609998e-01
40 4 5.1401455911423999e-01
41 4 6.5057576272211004e-01
42 4 9.0144354164519006e-02
43 4 1.8303976926408000e-01
44 4 5.1667000542358998e-01
45 4 6.2950407089545996e-02
52 4 4.5028573520316001e-01
53 4 5.5082297354877996e-01
54 4 2.8120742292397999e-01
55 4 4.5028573520316001e-01
56 4 5.5082297354877996e-01
57 4 2.8120742292397999e-01
148 4 9.4766552503568996e-02
149 4 4.6435517743507998e-01
150 4 6.9812112940910998e-01
151 4 9.4766552503568996e-02
152 4 4.6435517743507998e-01
153 4 6.9812112940910998e-01
196 4 2.3013025032366000e-01
197 4 6.4251285398688995e-01
198 4 6.9967832548876996e-01
202 4 1.1252479015673000e-01
203 4 1.5610145171105999e-01
204 4 8.7395935618894999e-02
580 4 5.3947330042093999e-01
581 4 2.0803276587006000e-01
582 4 2.0776023448190001e-01
586 4 1.2877212656507001e-01
587 4 7.5436995767730997e-01
588 4 1.9201645189736999e-01
772 4 9.4781253692064005e-01
773 4 2.6543860278873999e-01
774 4 1.5586409900104199e+00
16 5 4.5907018810512001e-01
17 5 2.0232114132036000e-01
18 5 5.4304574010747000e-03
19 5 7.8796705565751002e-01
20 5 2.1457873025841001e-01
21 5 2.8522818237247999e-01
40 5 4.1986381584651999e-01
41 5 1.8864820743482999e-01
42 5 8.2326649684273001e-01
43 5 2.6733587215997001e-02
44 5 3.3009776048821998e-01
45 5 2.6063172983025001e-02
52 5 3.9597130037842998e-01
53 5 2.1512044413562001e-01
54 5 8.0447293481735005e-01
55 5 3.9597130037842998e-01
56 5 2.1512044413562001e-01
57 5 8.0447293481735005e-01
148 5 4.3954108462112002e-01
149 5 3.4274385510168003e-02
150 5 9.4883214570574997e-02
151 5 4.3954108462112002e-01
152 5 3.4274385510168003e-02
153 5 9.4883214570574997e-02
196 5 1.2607539921850000e-01
197 5 5.6021278630974003e-01
198 5 4.2185121114393997e-01
202 5 1.6902692256186999e-01
203 5 4.2467775325822998e-01
204 5 5.3234095160918005e-01
580 5 4.2589739602408999e-01
581 5 2.1453615990892000e-01
582 5 6.9937712699968002e-01
586 5 8.5201150971256995e-02
587 5 5.0328649412994997e-01
588 5 1.5132992790809000e-01
772 5 1.8696477923150601e-01
773 5 1.4202305727597400e+00
774 5 1.4283671141386600e-01
16 6 1.0445421124682001e-02
17 6 1.5090797383607000e-02
18 6 2.5204804448732999e-02
19 6 3.6817452926233002e-01
20 6 8.6561710940318004e-01
21 6 3.3790888528640001e-01
40 6 5.5991652860611996e-01
41 6 3.9177610025892001e-01
42 6 4.4435460797231002e-01
43 6 4.6019414200681003e-01
44 6 1.0845317917116000e-01
45 6 3.3468374657824002e-01
52 6 4.4052265430080001e-01
53 6 5.9879257542852005e-01
54 6 1.9091824991560000e-01
55 6 4.4052265430080001e-01
56 6 5.9879257542852005e-01
57 6 1.9091824991560000e-01
148 6 3.6908474741859998e-01
149 6 4.2206695607167999e-01
150 6 8.6828835955844993e-02
151 6 3.6908474741859998e-01
152 6 4.2206695607167999e-01
153 6 8.6828835955844993e-02
196 6 7.0899765564142003e-01
197 6 2.5996676894415999e-01
198 6 1.2208896723833999e-01
202 6 6.2228245752413003e-01
203 6 3.2206959227365002e-02
204 6 1.6297589470049001e-01
580 6 8.3401810807840995e-02
581 6 2.9193779800082997e-01
582 6 2.6599833505603000e-02
586 6 7.0482806941827003e-01
587 6 5.5656071499279001e-02
588 6 6.3814473528757998e-01
772 6 1.4192308581962201e+00
773 6 2.8429824153085997e-01
774 6 9.6713164368976001e-01
16 7 6.3354072528390995e-02
17 7 1.3028465540209999e-01
18 7 4.8151818618609998e-01
19 7 1.6937282032730999e-01
20 7 3.8278887210195001e-01
21 7 7.5626578235575004e-01
40 7 1.8303976926408000e-01
41 7 5.1667000542358998e-01
42 7 6.2950407089545996e-02
43 7 5.1401455911423999e-01
44 7 6.5057576272211004e-01
45 7 9.0144354164519006e-02
52 7 4.5028573520316001e-01
53 7 5.5082297354877996e-01
54 7 2.8120742292397999e-01
55 7 4.5028573520316001e-01
56 7 5.5082297354877996e-01
57 7 2.8120742292397999e-01
148 7 9.4766552503568996e-02
149 7 4.6435517743507998e-01
150 7 6.9812112940910998e-01
151 7 9.4766552503568996e-02
152 7 4.6435517743507998e-01
153 7 6.9812112940910998e-01
193 7 1.1252479015673000e-01
194 7 1.5610145171105999e-01
195 7 8.7395935618894999e-02
199 7 2.3013025032366000e-01
200 7 6.4251285398688995e-01
201 7 6.9967832548876996e-01
577 7 1.2877212656507001e-01
578 7 7.5436995767730997e-01
579 7 1.9201645189736999e-01
583 7 5.3947330042093999e-01
584 7 2.0803276587006000e-01
585 7 2.0776023448190001e-01
2311 7 1.0848617891749399e+00
2312 7 2.5984922861109999e-01
2313 7 1.6571508612925401e-01
16 8 7.8796705565751002e-01
17 8 2.1457873025841001e-01
18 8 2.8522818237247999e-01
19 8 4.5907018810512001e-01
20 8 2.0232114132036000e-01
21 8 5.4304574010747000e-03
40 8 2.6733587215997001e-02
41 8 3.3009776048821998e-01
42 8 2.6063172983025001e-02
43 8 4.1986381584651999e-01
44 8 1.8864820743482999e-01
45 8 8.2326649684273001e-01
52 8 3.9597130037842998e-01
53 8 2.1512044413562001e-01
54 8 8.0447293481735005e-01
55 8 3.9597130037842998e-01
56 8 2.1512044413562001e-01
57 8 8.0447293481735005e-01
148 8 4.3954108462112002e-01
149 8 3.4274385510168003e-02
150 8 9.4883214570574997e-02
151 8 4.3954108462112002e-01
152 8 3.4274385510168003e-02
153 8 9.4883214570574997e-02
193 8 1.6902692256186999e-01
194 8 4.2467775325822998e-01
195 8 5.3234095160918005e-01
199 8 1.2607539921850000e-01
200 8 5.6021278630974003e-01
201 8 4.2185121114393997e-01
577 8 8.5201150971256995e-02
578 8 5.0328649412994997e-01
579 8 1.5132992790809000e-01
583 8 4.2589739602408999e-01
584 8 2.1453615990892000e-01
585 8 6.9937712699968002e-01
2311 8 1.8269622214314399e-02
2312 8 1.8813925763278401e+00
2313 8 2.1308633809144001e-01
16 9 3.6817452926233002e-01
17 9 8.6561710940318004e-01
18 9 3.3790888528640001e-01
19 9 1.0445421124682001e-02
20 9 1.5090797383607000e-02
21 9 2.5204804448732999e-02
40 9 4.6019414200681003e-01
41 9 1.0845317917116000e-01
42 9 3.3468374657824002e-01
43 9 5.5991652860611996e-01
44 9 3.9177610025892001e-01
45 9 4.4435460797231002e-01
52 9 4.4052265430080001e-01
53 9 5.9879257542852005e-01
54 9 1.9091824991560000e-01
55 9 4.4052265430080001e-01
56 9 5.9879257542852005e-01
57 9 1.9091824991560000e-01
148 9 3.6908474741859998e-01
149 9 4.2206695607167999e-01
150 9 8.6828835955844993e-02
151 9 3.6908474741859998e-01
152 9 4.2206695607167999e-01
153 9 8.6828835955844993e-02
193 9 6.2228245752413003e-01
194 9 3.2206959227365002e-02
195 9 1.6297589470049001e-01
199 9 7.0899765564142003e-01
200 9 2.5996676894415999e-01
201 9 1.2208896723833999e-01
577 9 7.0482806941827003e-01
578 9 5.5656071499279001e-02
579 9 6.3814473528757998e-01
583 9 8.3401810807840995e-02
584 9 2.9193779800082997e-01
585 9 2.6599833505603000e-02
2311 9 1.4767730927223799e-01
2312 9 2.4865699234794000e-01
2313 9 7.1534367802169996e-01
13 10 6.3354072528390995e-02
14 10 1.3028465540209999e-01
15 10 4.8151818618609998e-01
22 10 1.6937282032730999e-01
23 10 3.8278887210195001e-01
24 10 7.5626578235575004e-01
37 10 1.8303976926408000e-01
38 10 5.1667000542358998e-01
39 10 6.2950407089545996e-02
46 10 5.1401455911423999e-01
47 10 6.5057576272211004e-01
48 10 9.0144354164519006e-02
49 10 4.5028573520316001e-01
50 10 5.5082297354877996e-01
51 10 2.8120742292397999e-01
58 10 4.5028573520316001e-01
59 10 5.5082297354877996e-01
60 10 2.8120742292397999e-01
145 10 9.4766552503568996e-02
146 10 4.6435517743507998e-01
147 10 6.9812112940910998e-01
154 10 9.4766552503568996e-02
155 10 4.6435517743507998e-01
156 10 6.9812112940910998e-01
196 10 1.1252479015673000e-01
197 10 1.5610145171105999e-01
198 10 8.7395935618894999e-02
202 10 2.3013025032366000e-01
203 10 6.4251285398688995e-01
204 10 6.9967832548876996e-01
580 10 1.2877212656507001e-01
581 10 7.5436995767730997e-01
582 10 1.9201645189736999e-01
586 10 5.3947330042093999e-01
587 10 2.0803276587006000e-01
588 10 2.0776023448190001e-01
2314 10 1.0848617891749399e+00
2315 10 2.5984922861109999e-01
2316 10 1.6571508612925401e-01
13 11 7.8796705565751002e-01
14 11 2.1457873025841001e-01
15 11 2.8522818237247999e-01
22 11 4.5907018810512001e-01
23 11 2.0232114132036000e-01
24 11 5.4304574010747000e-03
37 11 2.6733587215997001e-02
38 11 3.3009776048821998e-01
39 11 2.6063172983025001e-02
46 11 4.1986381584651999e-01
47 11 1.8864820743482999e-01
48 11 8.2326649684273001e-01
49 11 3.9597130037842998e-01
50 11 2.1512044413562001e-01
51 11 8.0447293481735005e-01
58 11 3.9597130037842998e-01
59 11 2.1512044413562001e-01
60 11 8.0447293481735005e-01
145 11 4.3954108462112002e-01
146 11 3.4274385510168003e-02
147 11 9.4883214570574997e-02
154 11 4.3954108462112002e-01
155 11 3.4274385510168003e-02
156 11 9.4883214570574997e-02
196 11 1.6902692256186999e-01
197 11 4.2467775325822998e-01
198 11 5.3234095160918005e-01
202 11 1.2607539921850000e-01
203 11 5.6021278630974003e-01
204 11 4.2185121114393997e-01
580 11 8.5201150971256995e-02
581 11 5.0328649412994997e-01
582 11 1.5132992790809000e-01
586 11 4.2589739602408999e-01
587 11 2.1453615990892000e-01
588 11 6.9937712699968002e-01
2314 11 1.8269622214314399e-02
2315 11 1.8813925763278401e+00
2316 11 2.1308633809144001e-01
13 12 3.6817452926233002e-01
14 12 8.6561710940318004e-01
15 12 3.3790888528640001e-01
22 12 1.0445421124682001e-02
23 12 1.5090797383607000e-02
24 12 2.5204804448732999e-02
37 12 4.6019414200681003e-01
38 12 1.0845317917116000e-01
39 12 3.3468374657824002e-01
46 12 5.5991652860611996e-01
47 12 3.9177610025892001e-01
48 12 4.4435460797231002e-01
49 12 4.4052265430080001e-01
50 12 5.9879257542852005e-01
51 12 1.9091824991560000e-01
58 12 4.4052265430080001e-01
59 12 5.9879257542852005e-01
60 12 1.9091824991560000e-01
145 12 3.6908474741859998e-01
146 12 4.2206695607167999e-01
147 12 8.6828835955844993e-02
154 12 3.6908474741859998e-01
155 12 4.2206695607167999e-01
156 12 8.6828835955844993e-02
196 12 6.2228245752413003e-01
197 12 3.2206959227365002e-02
198 12 1.6297589470049001e-01
202 12 7.0899765564142003e-01
203 12 2.5996676894415999e-01
204 12 1.2208896723833999e-01
580 12 7.0482806941827003e-01
581 12 5.5656071499279001e-02
582 12 6.3814473528757998e-01
586 12 8.3401810807840995e-02
587 12 2.9193779800082997e-01
588 12 2.6599833505603000e-02
2314 12 1.4767730927223799e-01
2315 12 2.4865699234794000e-01
2316 12 7.1534367802169996e-01
1 13 1.6937282032730999e-01
2 13 4.5907018810512001e-01
3 13 1.0445421124682001e-02
10 13 6.3354072528390995e-02
11 13 7.8796705565751002e-01
12 13 3.6817452926233002e-01
25 13 8.6655077644633005e-01
26 13 3.5945828964978999e-01
27 13 2.3820551025582001e-01
34 13 6.2119389446266000e-02
35 13 2.3362696109146999e-01
36 13 6.8536481030590998e-02
61 13 1.1805085850436001e-01
62 13 3.3775851226241999e-01
63 13 8.2148803108333002e-01
70 13 1.1805085850436001e-01
71 13 3.3775851226241999e-01
72 13 8.2148803108333002e-01
157 13 2.1184251540789001e-01
158 13 5.1248596497928001e-01
159 13 2.9141494629129999e-01
166 13 2.1184251540789001e-01
167 13 5.1248596497928001e-01
168 13 2.9141494629129999e-01
205 13 5.6515419249842003e-01
206 13 3.5601991547466000e-01
207 13 7.1574794397283004e-01
211 13 1.8907327871936000e-01
212 13 9.4007443362816006e-03
213 13 7.5619841746600996e-02
589 13 7.6256522502358004e-01
590 13 4.6162078940146001e-01
591 13 1.8541576111590999e-01
595 13 2.8448270626944000e-01
596 13 2.8973169969715001e-01
597 13 7.8400586293301003e-02
781 13 9.1068683581209997e-01
782 13 7.9245114291962004e-01
783 13 5.2965725837540001e-01
1 14 3.8278887210195001e-01
2 14 2.0232114132036000e-01
3 14 1.5090797383607000e-02
10 14 1.3028465540209999e-01
11 14 2.1457873025841001e-01
12 14 8.6561710940318004e-01
25 14 1.2766936905616999e-01
26 14 3.9395595744890999e-01
27 14 1.8847352778017001e-01
34 14 4.6110014876184002e-01
35 14 6.4686134068328005e-01
36 14 4.0241026808798003e-01
61 14 2.8010997206054999e-01
62 14 5.4301308916359003e-01
63 14 5.8751526199863999e-02
70 14 2.8010997206054999e-01
71 14 5.4301308916359003e-01
72 14 5.8751526199863999e-02
157 14 5.2272490016859996e-01
158 14 5.8203959815543001e-02
159 14 2.4644744916190001e-01
166 14 5.2272490016859996e-01
167 14 5.8203959815543001e-02
168 14 2.4644744916190001e-01
205 14 3.9938509299364999e-01
206 14 2.9229195972817001e-01
207 14 2.9094683589128001e-01
211 14 6.5543800321803003e-01
212 14 8.8093751075661003e-02
213 14 4.8274984351790001e-01
589 14 1.2555327117293000e-01
590 14 1.9531362830172999e-01
591 14 8.7740389949272002e-01
595 14 2.0534231044102000e-01
596 14 3.5640684577534998e-01
597 14 8.4024137481792993e-02
781 14 9.8918245622318002e-01
782 14 4.3042756978628000e-01
783 14 1.2886720787610799e+00
1 15 7.5626578235575004e-01
2 15 5.4304574010747000e-03
3 15 2.5204804448732999e-02
10 15 4.8151818618609998e-01
11 15 2.8522818237247999e-01
12 15 3.3790888528640001e-01
25 15 1.1191056376233000e-01
26 15 1.8712872759926000e-01
27 15 3.6303382274583001e-01
34 15 6.1596623528244999e-02
35 15 4.5558767529448002e-01
36 15 7.8058377811591995e-01
61 15 3.3167260166047002e-01
62 15 3.8072751840645999e-02
63 15 3.4549635498779002e-01
70 15 3.3167260166047002e-01
71 15 3.8072751840645999e-02
72 15 3.4549635498779002e-01
157 15 6.6092767954270004e-01
158 15 5.5368292797550001e-01
159 15 1.6620854199235000e-01
166 15 6.6092767954270004e-01
167 15 5.5368292797550001e-01
168 15 1.6620854199235000e-01
205 15 1.0774792895151000e-01
206 15 3.0944966946847002e-01
207 15 3.3019685297049001e-01
211 15 2.1008329113579000e-01
212 15 8.2716821092018000e-01
213 15 2.3507251176939001e-01
589 15 4.3764405625607999e-01
590 15 6.3799369022473995e-01
591 15 2.4879478846217001e-01
595 15 2.9682058399409000e-01
596 15 3.6159727197599001e-01
597 15 3.4738715910082002e-01
781 15 1.2541219453568600e-02
782 15 1.3149032910611800e+00
783 15 1.1136218611055400e+00
4 16 1.6937282032730999e-01
5 16 4.5907018810512001e-01
6 16 1.0445421124682001e-02
7 16 6.3354072528390995e-02
8 16 7.8796705565751002e-01
9 16 3.6817452926233002e-01
28 16 8.6655077644633005e-01
29 16 3.5945828964978999e-01
30 16 2.3820551025582001e-01
31 16 6.2119389446266000e-02
32 16 2.3362696109146999e-01
33 16 6.8536481030590998e-02
64 16 1.1805085850436001e-01
65 16 3.3775851226241999e-01
66 16 8.2148803108333002e-01
67 16 1.1805085850436001e-01
68 16 3.3775851226241999e-01
69 16 8.2148803108333002e-01
160 16 2.1184251540789001e-01
161 16 5.1248596497928001e-01
162 16 2.9141494629129999e-01
163 16 2.1184251540789001e-01
164 16 5.1248596497928001e-01
165 16 2.9141494629129999e-01
208 16 5.6515419249842003e-01
209 16 3.5601991547466000e-01
210 16 7.1574794397283004e-01
214 16 1.8907327871936000e-01
215 16 9.4007443362816006e-03
216 16 7.5619841746600996e-02
592 16 7.6256522502358004e-01
593 16 4.6162078940146001e-01
594 16 1.8541576111590999e-01
598 16 2.8448270626944000e-01
599 16 2.8973169969715001e-01
600 16 7.8400586293301003e-02
784 16 9.1068683581209997e-01
785 16 7.9245114291962004e-01
786 16 5.2965725837540001e-01
4 17 3.8278887210195001e-01
5 17 2.0232114132036000e-01
6 17 1.5090797383607000e-02
7 17 1.3028465540209999e-01
8 17 2.1457873025841001e-01
9 17 8.6561710940318004e-01
28 17 1.2766936905616999e-01
29 17 3.9395595744890999e-01
30 17 1.8847352778017001e-01
31 17 4.6110014876184002e-01
32 17 6.4686134068328005e-01
33 17 4.0241026808798003e-01
64 17 2.8010997206054999e-01
65 17 5.4301308916359003e-01
66 17 5.8751526199863999e-02
67 17 2.8010997206054999e-01
68 17 5.4301308916359003e-01
69 17 5.8751526199863999e-02
160 17 5.2272490016859996e-01
161 17 5.8203959815543001e-02
162 17 2.4644744916190001e-01
163 17 5.2272490016859996e-01
164 17 5.8203959815543001e-02
165 17 2.4644744916190001e-01
208 17 3.9938509299364999e-01
209 17 2.9229195972817001e-01
210 17 2.9094683589128001e-01
214 17 6.5543800321803003e-01
215 17 8.8093751075661003e-02
216 17 4.8274984351790001e-01
592 17 1.2555327117293000e-01
593 17 1.9531362830172999e-01
594 17 8.7740389949272002e-01
598 17 2.0534231044102000e-01
599 17 3.5640684577534998e-01
600 17 8.4024137481792993e-02
784 17 9.8918245622318002e-01
785 17 4.3042756978628000e-01
786 17 1.2886720787610799e+00
4 18 7.5626578235575004e-01
5 18 5.4304574010747000e-03
6 18 2.5204804448732999e-02
7 18 4.8151818618609998e-01
8 18 2.8522818237247999e-01
9 18 3.3790888528640001e-01
28 18 1.1191056376233000e-01
29 18 1.8712872759926000e-01
30 18 3.6303382274583001e-01
31 18 6.1596623528244999e-02
32 18 4.5558767529448002e-01
33 18 7.8058377811591995e-01
64 18 3.3167260166047002e-01
65 18 3.8072751840645999e-02
66 18 3.4549635498779002e-01
67 18 3.3167260166047002e-01
68 18 3.8072751840645999e-02
69 18 3.4549635498779002e-01
160 18 6.6092767954270004e-01
161 18 5.5368292797550001e-01
162 18 1.6620854199235000e-01
163 18 6.6092767954270004e-01
164 18 5.5368292797550001e-01
165 18 1.6620854199235000e-01
208 18 1.0774792895151000e-01
209 18 3.0944966946847002e-01
210 18 3.3019685297049001e-01
214 18 2.1008329113579000e-01
215 18 8.2716821092018000e-01
216 18 2.3507251176939001e-01
592 18 4.3764405625607999e-01
593 18 6.3799369022473995e-01
594 18 2.4879478846217001e-01
598 18 2.9682058399409000e-01
599 18 3.6159727197599001e-01
600 18 3.4738715910082002e-01
784 18 1.2541219453568600e-02
785 18 1.3149032910611800e+00
786 18 1.1136218611055400e+00
4 19 6.3354072528390995e-02
5 19 7.8796705565751002e-01
6 19 3.6817452926233002e-01
7 19 1.6937282032730999e-01
8 19 4.5907018810512001e-01
9 19 1.0445421124682001e-02
28 19 6.2119389446266000e-02
29 19 2.3362696109146999e-01
30 19 6.8536481030590998e-02
31 19 8.6655077644633005e-01
32 19 3.5945828964978999e-01
33 19 2.3820551025582001e-01
64 19 1.1805085850436001e-01
65 19 3.3775851226241999e-01
66 19 8.2148803108333002e-01
67 19 1.1805085850436001e-01
68 19 3.3775851226241999e-01
69 19 8.2148803108333002e-01
160 19 2.1184251540789001e-01
161 19 5.1248596497928001e-01
162 19 2.9141494629129999e-01
163 19 2.1184251540789001e-01
164 19 5.1248596497928001e-01
165 19 2.9141494629129999e-01
205 19 1.8907327871936000e-01
206 19 9.4007443362816006e-03
207 19 7.5619841746600996e-02
211 19 5.6515419249842003e-01
212 19 3.5601991547466000e-01
213 19 7.1574794397283004e-01
589 19 2.8448270626944000e-01
590 19 2.8973169969715001e-01
591 19 7.8400586293301003e-02
595 19 7.6256522502358004e-01
596 19 4.6162078940146001e-01
597 19 1.8541576111590999e-01
2323 19 4.8924198266851998e-01
2324 19 5.7584102849634000e-01
2325 19 2.8913664269875999e-01
4 20 1.3028465540209999e-01
5 20 2.1457873025841001e-01
6 20 8.6561710940318004e-01
7 20 3.8278887210195001e-01
8 20 2.0232114132036000e-01
9 20 1.5090797383607000e-02
28 20 4.6110014876184002e-01
29 20 6.4686134068328005e-01
30 20 4.0241026808798003e-01
31 20 1.2766936905616999e-01
32 20 3.9395595744890999e-01
33 20 1.8847352778017001e-01
64 20 2.8010997206054999e-01
65 20 5.4301308916359003e-01
66 20 5.8751526199863999e-02
67 20 2.8010997206054999e-01
68 20 5.4301308916359003e-01
69 20 5.8751526199863999e-02
160 20 5.2272490016859996e-01
161 20 5.8203959815543001e-02
162 20 2.4644744916190001e-01
163 20 5.2272490016859996e-01
164 20 5.8203959815543001e-02
165 20 2.4644744916190001e-01
205 20 6.5543800321803003e-01
206 20 8.8093751075661003e-02
207 20 4.8274984351790001e-01
211 20 3.9938509299364999e-01
212 20 2.9229195972817001e-01
213 20 2.9094683589128001e-01
589 20 2.0534231044102000e-01
590 20 3.5640684577534998e-01
591 20 8.4024137481792993e-02
595 20 1.2555327117293000e-01
596 20 1.9531362830172999e-01
597 20 8.7740389949272002e-01
2323 20 5.0718392260966005e-01
2324 20 8.1014740426089998e-02
2325 20 1.8852317123468201e+00
4 21 4.8151818618609998e-01
5 21 2.8522818237247999e-01
6 21 3.3790888528640001e-01
7 21 7.5626578235575004e-01
8 21 5.4304574010747000e-03
9 21 2.5204804448732999e-02
28 21 6.1596623528244999e-02
29 21 4.5558767529448002e-01
30 21 7.8058377811591995e-01
31 21 1.1191056376233000e-01
32 21 1.8712872759926000e-01
33 21 3.6303382274583001e-01
64 21 3.3167260166047002e-01
65 21 3.8072751840645999e-02
66 21 3.4549635498779002e-01
67 21 3.3167260166047002e-01
68 21 3.8072751840645999e-02
69 21 3.4549635498779002e-01
160 21 6.6092767954270004e-01
161 21 5.5368292797550001e-01
162 21 1.6620854199235000e-01
163 21 6.6092767954270004e-01
164 21 5.5368292797550001e-01
165 21 1.6620854199235000e-01
205 21 2.1008329113579000e-01
206 21 8.2716821092018000e-01
207 21 2.3507251176939001e-01
211 21 1.0774792895151000e-01
212 21 3.0944966946847002e-01
213 21 3.3019685297049001e-01
589 21 2.9682058399409000e-01
590 21 3.6159727197599001e-01
591 21 3.4738715910082002e-01
595 21 4.3764405625607999e-01
596 21 6.3799369022473995e-01
597 21 2.4879478846217001e-01
2323 21 2.9239870814086000e-01
2324 21 6.7850633487167999e-01
2325 21 9.1040947390443994e-02
1 22 6.3354072528390995e-02
2 22 7.8796705565751002e-01
3 22 3.6817452926233002e-01
10 22 1.6937282032730999e-01
11 22 4.5907018810512001e-01
12 22 1.0445421124682001e-02
25 22 6.2119389446266000e-02
26 22 2.3362696109146999e-01
27 22 6.8536481030590998e-02
34 22 8.6655077644633005e-01
35 22 3.5945828964978999e-01
36 22 2.3820551025582001e-01
61 22 1.1805085850436001e-01
62 22 3.3775851226241999e-01
63 22 8.2148803108333002e-01
70 22 1.1805085850436001e-01
71 22 3.3775851226241999e-01
72 22 8.2148803108333002e-01
157 22 2.1184251540789001e-01
158 22 5.1248596497928001e-01
159 22 2.9141494629129999e-01
166 22 2.1184251540789001e-01
167 22 5.1248596497928001e-01
168 22 2.9141494629129999e-01
208 22 1.8907327871936000e-01
209 22 9.4007443362816006e-03
210 22 7.5619841746600996e-02
214 22 5.6515419249842003e-01
215 22 3.5601991547466000e-01
216 22 7.1574794397283004e-01
592 22 2.8448270626944000e-01
593 22 2.8973169969715001e-01
594 22 7.8400586293301003e-02
598 22 7.6256522502358004e-01
599 22 4.6162078940146001e-01
600 22 1.8541576111590999e-01
2326 22 4.8924198266851998e-01
2327 22 5.7584102849634000e-01
2328 22 2.8913664269875999e-01
1 23 1.3028465540209999e-01
2 23 2.1457873025841001e-01
3 23 8.6561710940318004e-01
10 23 3.8278887210195001e-01
11 23 2.0232114132036000e-01
12 23 1.5090797383607000e-02
25 23 4.6110014876184002e-01
26 23 6.4686134068328005e-01
27 23 4.0241026808798003e-01
34 23 1.2766936905616999e-01
35 23 3.9395595744890999e-01
36 23 1.8847352778017001e-01
61 23 2.8010997206054999e-01
62 23 5.4301308916359003e-01
63 23 5.8751526199863999e-02
70 23 2.8010997206054999e-01
71 23 5.4301308916359003e-01
72 23 5.8751526199863999e-02
157 23 5.2272490016859996e-01
158 23 5.8203959815543001e-02
159 23 2.4644744916190001e-01
166 23 5.2272490016859996e-01
167 23 5.8203959815543001e-02
168 23 2.4644744916190001e-01
208 23 6.5543800321803003e-01
209 23 8.8093751075661003e-02
210 23 4.8274984351790001e-01
214 23 3.9938509299364999e-01
215 23 2.9229195972817001e-01
216 23 2.9094683589128001e-01
592 23 2.0534231044102000e-01
593 23 3.5640684577534998e-01
594 23 8.4024137481792993e-02
598 23 1.2555327117293000e-01
599 23 1.9531362830172999e-01
600 23 8.7740389949272002e-01
2326 23 5.0718392260966005e-01
2327 23 8.1014740426089998e-02
2328 23 1.8852317123468201e+00
1 24 4.8151818618609998e-01
2 24 2.8522818237247999e-01
3 24 3.3790888528640001e-01
10 24 7.5626578235575004e-01
11 24 5.4304574010747000e-03
12 24 2.5204804448732999e-02
25 24 6.1596623528244999e-02
26 24 4.5558767529448002e-01
27 24 7.8058377811591995e-01
34 24 1.1191056376233000e-01
35 24 1.8712872759926000e-01
36 24 3.6303382274583001e-01
61 24 3.3167260166047002e-01
62 24 3.8072751840645999e-02
63 24 3.4549635498779002e-01
70 24 3.3167260166047002e-01
71 24 3.8072751840645999e-02
72 24 3.4549635498779002e-01
157 24 6.6092767954270004e-01
158 24 5.5368292797550001e-01
159 24 1.6620854199235000e-01
166 24 6.6092767954270004e-01
167 24 5.5368292797550001e-01
168 24 1.6620854199235000e-01
208 24 2.1008329113579000e-01
209 24 8.2716821092018000e-01
210 24 2.3507251176939001e-01
214 24 1.0774792895151000e-01
215 24 3.0944966946847002e-01
216 24 3.3019685297049001e-01
592 24 2.9682058399409000e-01
593 24 3.6159727197599001e-01
594 24 3.4738715910082002e-01
598 24 4.3764405625607999e-01
599 24 6.3799369022473995e-01
600 24 2.4879478846217001e-01
2326 24 2.9239870814086000e-01
2327 24 6.7850633487167999e-01
2328 24 9.1040947390443994e-02
13 25 8.6655077644633005e-01
14 25 1.2766936905616999e-01
15 25 1.1191056376233000e-01
22 25 6.2119389446266000e-02
23 25 4.6110014876184002e-01
24 25 6.1596623528244999e-02
37 25 5.4870475738286995e-01
38 25 5.4317816536498997e-01
39 25 2.9933369190686998e-01
46 25 1.4812232812916001e-01
47 25 3.3819205182120998e-01
48 25 4.2185995636003998e-01
73 25 1.6518285810662001e-01
74 25 7.9252949141911999e-01
75 25 4.6127697389539002e-01
82 25 1.6518285810662001e-01
83 25 7.9252949141911999e-01
84 25 4.6127697389539002e-01
169 25 7.5950623771517001e-01
170 25 3.0843129316232998e-02
171 25 4.4333921399176002e-01
178 25 7.5950623771517001e-01
179 25 3.0843129316232998e-02
180 25 4.4333921399176002e-01
217 25 2.7987146122774997e-01
218 25 7.2092311942211995e-01
219 25 2.8476638007643001e-01
223 25 2.8947317234476000e-01
224 25 2.4002396793399000e-01
225 25 4.2360796399615003e-01
601 25 8.4541526007685996e-01
602 25 5.2194634955284003e-01
603 25 3.1129424665585000e-02
607 25 2.2348850064225999e-02
608 25 7.0789475864469001e-02
609 25 7.9783357570794994e-02
793 25 1.5180540190939000e+00
794 25 4.6100286243734001e-01
795 25 1.6799492418629400e-01
13 26 3.5945828964978999e-01
14 26 3.9395595744890999e-01
15 26 1.8712872759926000e-01
22 26 2.3362696109146999e-01
23 26 6.4686134068328005e-01
24 26 4.5558767529448002e-01
37 26 7.5115292981440995e-01
38 26 2.1639890359847999e-01
39 26 3.9343769961357000e-01
46 26 1.9827499827794001e-01
47 26 6.5203779490164995e-02
48 26 4.3655819689184999e-01
73 26 7.2182941175054005e-01
74 26 4.8019914817503001e-01
75 26 3.5030219431732001e-01
82 26 7.2182941175054005e-01
83 26 4.8019914817503001e-01
84 26 3.5030219431732001e-01
169 26 4.7888632425262001e-01
170 26 1.6173090717838001e-01
171 26 3.4346112850232002e-01
178 26 4.7888632425262001e-01
179 26 1.6173090717838001e-01
180 26 3.4346112850232002e-01
217 26 4.4822938029539999e-01
218 26 2.7782529503261000e-01
219 26 4.3125267597062000e-01
223 26 2.7442246483687999e-01
224 26 4.2265999006485999e-01
225 26 5.3101365438134995e-01
601 26 5.9536635668929999e-02
602 26 8.8752513383506995e-02
603 26 3.4534130216881997e-01
607 26 2.0901767588421999e-01
608 26 3.2185770891104998e-01
609 26 8.4972759857507996e-01
793 26 1.5293184029655199e-01
794 26 9.2218791725175997e-01
795 26 1.4804477432516401e+00
13 27 2.3820551025582001e-01
14 27 1.8847352778017001e-01
15 27 3.6303382274583001e-01
22 27 6.8536481030590998e-02
23 27 4.0241026808798003e-01
24 27 7.8058377811591995e-01
37 27 2.6906493389878000e-01
38 27 5.8903481578804995e-01
39 27 4.5003581410868998e-01
46 27 3.2299033579292001e-02
47 27 4.3879560641235998e-01
48 27 4.2956373377901003e-01
73 27 4.8485811943804002e-01
74 27 3.5421472197553000e-01
75 27 6.6376103574862000e-01
82 27 4.8485811943804002e-01
83 27 3.5421472197553000e-01
84 27 6.6376103574862000e-01
169 27 2.1474418462841000e-01
170 27 4.1662508844329998e-01
171 27 1.6379249961301001e-01
178 27 2.1474418462841000e-01
179 27 4.1662508844329998e-01
180 27 1.6379249961301001e-01
217 27 6.9651347018573995e-01
218 27 2.8580264014070000e-01
219 27 4.3360024882004999e-01
223 27 2.7663869390521001e-01
224 27 2.9179931430166001e-01
225 27 2.8896514351927999e-01
601 27 2.1748532934983000e-01
602 27 3.2947671467291001e-01
603 27 6.5947200933258995e-02
607 27 4.3616590722884002e-01
608 27 7.0889813045759997e-01
609 27 3.8343048222587001e-01
793 27 6.3167192545604001e-01
794 27 1.5056068543923200e+00
795 27 3.6387706500465999e-01
16 28 8.6655077644633005e-01
17 28 1.2766936905616999e-01
18 28 1.1191056376233000e-01
19 28 6.2119389446266000e-02
20 28 4.6110014876184002e-01
21 28 6.1596623528244999e-02
40 28 5.4870475738286995e-01
41 28 5.4317816536498997e-01
42 28 2.9933369190686998e-01
43 28 1.4812232812916001e-01
44 28 3.3819205182120998e-01
45 28 4.2185995636003998e-01
76 28 1.6518285810662001e-01
77 28 7.9252949141911999e-01
78 28 4.6127697389539002e-01
79 28 1.6518285810662001e-01
80 28 7.9252949141911999e-01
81 28 4.6127697389539002e-01
172 28 7.5950623771517001e-01
173 28 3.0843129316232998e-02
174 28 4.4333921399176002e-01
175 28 7.5950623771517001e-01
176 28 3.0843129316232998e-02
177 28 4.4333921399176002e-01
220 28 2.7987146122774997e-01
221 28 7.2092311942211995e-01
222 28 2.8476638007643001e-01
226 28 2.8947317234476000e-01
227 28 2.4002396793399000e-01
228 28 4.2360796399615003e-01
604 28 8.4541526007685996e-01
605 28 5.2194634955284003e-01
606 28 3.1129424665585000e-02
610 28 2.2348850064225999e-02
611 28 7.0789475864469001e-02
612 28 7.9783357570794994e-02
796 28 1.5180540190939000e+00
797 28 4.6100286243734001e-01
798 28 1.6799492418629400e-01
16 29 3.5945828964978999e-01
17 29 3.9395595744890999e-01
18 29 1.8712872759926000e-01
19 29 2.3362696109146999e-01
20 29 6.4686134068328005e-01
21 29 4.5558767529448002e-01
40 29 7.5115292981440995e-01
41 29 2.1639890359847999e-01
42 29 3.9343769961357000e-01
43 29 1.9827499827794001e-01
44 29 6.5203779490164995e-02
45 29 4.3655819689184999e-01
76 29 7.2182941175054005e-01
77 29 4.8019914817503001e-01
78 29 3.5030219431732001e-01
79 29 7.2182941175054005e-01
80 29 4.8019914817503001e-01
81 29 3.5030219431732001e-01
172 29 4.7888632425262001e-01
173 29 1.6173090717838001e-01
174 29 3.4346112850232002e-01
175 29 4.7888632425262001e-01
176 29 1.6173090717838001e-01
177 29 3.4346112850232002e-01
220 29 4.4822938029539999e-01
221 29 2.7782529503261000e-01
222 29 4.3125267597062000e-01
226 29 2.7442246483687999e-01
227 29 4.2265999006485999e-01
228 29 5.3101365438134995e-01
604 29 5.9536635668929999e-02
605 29 8.8752513383506995e-02
606 29 3.4534130216881997e-01
610 29 2.0901767588421999e-01
611 29 3.2185770891104998e-01
612 29 8.4972759857507996e-01
796 29 1.5293184029655199e-01
797 29 9.2218791725175997e-01
798 29 1.4804477432516401e+00
16 30 2.3820551025582001e-01
17 30 1.8847352778017001e-01
18 30 3.6303382274583001e-01
19 30 6.8536481030590998e-02
20 30 4.0241026808798003e-01
21 30 7.8058377811591995e-01
40 30 2.6906493389878000e-01
41 30 5.8903481578804995e-01
42 30 4.5003581410868998e-01
43 30 3.2299033579292001e-02
44 30 4.3879560641235998e-01
45 30 4.2956373377901003e-01
76 30 4.8485811943804002e-01
77 30 3.5421472197553000e-01
78 30 6.6376103574862000e-01
79 30 4.8485811943804002e-01
80 30 3.5421472197553000e-01
81 30 6.6376103574862000e-01
172 30 2.1474418462841000e-01
173 30 4.1662508844329998e-01
174 30 1.6379249961301001e-01
175 30 2.1474418462841000e-01
176 30 4.1662508844329998e-01
177 30 1.6379249961301001e-01
220 30 6.9651347018573995e-01
221 30 2.8580264014070000e-01
222 30 4.3360024882004999e-01
226 30 2.7663869390521001e-01
227 30 2.9179931430166001e-01
228 30 2.8896514351927999e-01
604 30 2.1748532934983000e-01
605 30 3.2947671467291001e-01
606 30 6.5947200933258995e-02
610 30 4.3616590722884002e-01
611 30 7.0889813045759997e-01
612 30 3.8343048222587001e-01
796 30 6.3167192545604001e-01
797 30 1.5056068543923200e+00
798 30 3.6387706500465999e-01
16 31 6.2119389446266000e-02
17 31 4.6110014876184002e-01
18 31 6.1596623528244999e-02
19 31 8.6655077644633005e-01
20 31 1.2766936905616999e-01
21 31 1.1191056376233000e-01
40 31 1.4812232812916001e-01
41 31 3.3819205182120998e-01
42 31 4.2185995636003998e-01
43 31 5.4870475738286995e-01
44 31 5.4317816536498997e-01
45 31 2.9933369190686998e-01
76 31 1.6518285810662001e-01
77 31 7.9252949141911999e-01
78 31 4.6127697389539002e-01
79 31 1.6518285810662001e-01
80 31 7.9252949141911999e-01
81 31 4.6127697389539002e-01
172 31 7.5950623771517001e-01
173 31 3.0843129316232998e-02
174 31 4.4333921399176002e-01
175 31 7.5950623771517001e-01
176 31 3.0843129316232998e-02
177 31 4.4333921399176002e-01
217 31 2.8947317234476000e-01
218 31 2.4002396793399000e-01
219 31 4.2360796399615003e-01
223 31 2.7987146122774997e-01
224 31 7.2092311942211995e-01
225 31 2.8476638007643001e-01
601 31 2.2348850064225999e-02
602 31 7.0789475864469001e-02
603 31 7.9783357570794994e-02
607 31 8.4541526007685996e-01
608 31 5.2194634955284003e-01
609 31 3.1129424665585000e-02
2335 31 1.1756739987849600e+00
2336 31 4.9170308853265998e-01
2337 31 8.8801958844179996e-01
16 32 2.3362696109146999e-01
17 32 6.4686134068328005e-01
18 32 4.5558767529448002e-01
19 32 3.5945828964978999e-01
20 32 3.9395595744890999e-01
21 32 1.8712872759926000e-01
40 32 1.9827499827794001e-01
41 32 6.5203779490164995e-02
42 32 4.3655819689184999e-01
43 32 7.5115292981440995e-01
44 32 2.1639890359847999e-01
45 32 3.9343769961357000e-01
76 32 7.2182941175054005e-01
77 32 4.8019914817503001e-01
78 32 3.5030219431732001e-01
79 32 7.2182941175054005e-01
80 32 4.8019914817503001e-01
81 32 3.5030219431732001e-01
172 32 4.7888632425262001e-01
173 32 1.6173090717838001e-01
174 32 3.4346112850232002e-01
175 32 4.7888632425262001e-01
176 32 1.6173090717838001e-01
177 32 3.4346112850232002e-01
217 32 2.7442246483687999e-01
218 32 4.2265999006485999e-01
219 32 5.3101365438134995e-01
223 32 4.4822938029539999e-01
224 32 2.7782529503261000e-01
225 32 4.3125267597062000e-01
601 32 2.0901767588421999e-01
602 32 3.2185770891104998e-01
603 32 8.4972759857507996e-01
607 32 5.9536635668929999e-02
608 32 8.8752513383506995e-02
609 32 3.4534130216881997e-01
2335 32 6.6368855469328003e-01
2336 32 1.1221632464616000e+00
2337 32 9.7271015174597997e-01
16 33 6.8536481030590998e-02
17 33 4.0241026808798003e-01
18 33 7.8058377811591995e-01
19 33 2.3820551025582001e-01
20 33 1.8847352778017001e-01
21 33 3.6303382274583001e-01
40 33 3.2299033579292001e-02
41 33 4.3879560641235998e-01
42 33 4.2956373377901003e-01
43 33 2.6906493389878000e-01
44 33 5.8903481578804995e-01
45 33 4.5003581410868998e-01
76 33 4.8485811943804002e-01
77 33 3.5421472197553000e-01
78 33 6.6376103574862000e-01
79 33 4.8485811943804002e-01
80 33 3.5421472197553000e-01
81 33 6.6376103574862000e-01
172 33 2.1474418462841000e-01
173 33 4.1662508844329998e-01
174 33 1.6379249961301001e-01
175 33 2.1474418462841000e-01
176 33 4.1662508844329998e-01
177 33 1.6379249961301001e-01
217 33 2.7663869390521001e-01
218 33 2.9179931430166001e-01
219 33 2.8896514351927999e-01
223 33 6.9651347018573995e-01
224 33 2.8580264014070000e-01
225 33 4.3360024882004999e-01
601 33 4.3616590722884002e-01
602 33 7.0889813045759997e-01
603 33 3.8343048222587001e-01
607 33 2.1748532934983000e-01
608 33 3.2947671467291001e-01
609 33 6.5947200933258995e-02
2335 33 2.6119892511597997e-01
2336 33 1.3632875969443401e+00
2337 33 5.9129798295795999e-01
13 34 6.2119389446266000e-02
14 34 4.6110014876184002e-01
15 34 6.1596623528244999e-02
22 34 8.6655077644633005e-01
23 34 1.2766936905616999e-01
24 34 1.1191056376233000e-01
37 34 1.4812232812916001e-01
38 34 3.3819205182120998e-01
39 34 4.2185995636003998e-01
46 34 5.4870475738286995e-01
47 34 5.4317816536498997e-01
48 34 2.9933369190686998e-01
73 34 1.6518285810662001e-01
74 34 7.9252949141911999e-01
75 34 4.6127697389539002e-01
82 34 1.6518285810662001e-01
83 34 7.9252949141911999e-01
84 34 4.6127697389539002e-01
169 34 7.5950623771517001e-01
170 34 3.0843129316232998e-02
171 34 4.4333921399176002e-01
178 34 7.5950623771517001e-01
179 34 3.0843129316232998e-02
180 34 4.4333921399176002e-01
220 34 2.8947317234476000e-01
221 34 2.4002396793399000e-01
222 34 4.2360796399615003e-01
226 34 2.7987146122774997e-01
227 34 7.2092311942211995e-01
228 34 2.8476638007643001e-01
604 34 2.2348850064225999e-02
605 34 7.0789475864469001e-02
606 34 7.9783357570794994e-02
610 34 8.4541526007685996e-01
611 34 5.2194634955284003e-01
612 34 3.1129424665585000e-02
2338 34 1.1756739987849600e+00
2339 34 4.9170308853265998e-01
2340 34 8.8801958844179996e-01
13 35 2.3362696109146999e-01
14 35 6.4686134068328005e-01
15 35 4.5558767529448002e-01
22 35 3.5945828964978999e-01
23 35 3.9395595744890999e-01
24 35 1.8712872759926000e-01
37 35 1.9827499827794001e-01
38 35 6.5203779490164995e-02
39 35 4.3655819689184999e-01
46 35 7.5115292981440995e-01
47 35 2.1639890359847999e-01
48 35 3.9343769961357000e-01
73 35 7.2182941175054005e-01
74 35 4.8019914817503001e-01
75 35 3.5030219431732001e-01
82 35 7.2182941175054005e-01
83 35 4.8019914817503001e-01
84 35 3.5030219431732001e-01
169 35 4.7888632425262001e-01
170 35 1.6173090717838001e-01
171 35 3.4346112850232002e-01
178 35 4.7888632425262001e-01
179 35 1.6173090717838001e-01
180 35 3.4346112850232002e-01
220 35 2.7442246483687999e-01
221 35 4.2265999006485999e-01
222 35 5.3101365438134995e-01
226 35 4.4822938029539999e-01
227 35 2.7782529503261000e-01
228 35 4.3125267597062000e-01
604 35 2.0901767588421999e-01
605 35 3.2185770891104998e-01
606 35 8.4972759857507996e-01
610 35 5.9536635668929999e-02
611 35 8.8752513383506995e-02
612 35 3.4534130216881997e-01
2338 35 6.6368855469328003e-01
2339 35 1.1221632464616000e+00
